Unnamed: 0,Unnamed: 1,Unnamed: 2,Unnamed: 3,Unnamed: 4,Unnamed: 5,Unnamed: 6,Unnamed: 7,Unnamed: 8,Unnamed: 9,Unnamed: 10,Unnamed: 11,Unnamed: 12,Unnamed: 13,Unnamed: 14,Unnamed: 15,Unnamed: 16,Unnamed: 17,Unnamed: 18,Unnamed: 19,Unnamed: 20,Unnamed: 21,Unnamed: 22,Unnamed: 23,Unnamed: 24,Unnamed: 25,Unnamed: 26,Unnamed: 27,Unnamed: 28,Unnamed: 29,Unnamed: 30,Unnamed: 31,Unnamed: 32,Unnamed: 33,Unnamed: 34,Unnamed: 35
,Reporte de Validaciones Zonales por Día,,,,,,,,,,,,,,,,,,,,,,,,,,,,,,,,,,
,,,,,,,,,,,,,,,,,,,,,,,,,,,,,,,,,,,
,Periodo Validaciones:,al 31 de Octubre 2025,,,,,,,,,,,,,,,,,,,,,,,,,,,,,,,,,
,Fuente:,FCS Center,,,,,,,,,,,,,,,,,,,,,,,,,,,,,,,,,
,,,,,,,,,,,,,,,,,,,,,,,,,,,,,,,,,,,
,Operador,Linea_FCS,Ruta_Consolidada,2025-10-01 00:00:00,2025-10-02 00:00:00,2025-10-03 00:00:00,2025-10-04 00:00:00,2025-10-05 00:00:00,2025-10-06 00:00:00,2025-10-07 00:00:00,2025-10-08 00:00:00,2025-10-09 00:00:00,2025-10-10 00:00:00,2025-10-11 00:00:00,2025-10-12 00:00:00,2025-10-13 00:00:00,2025-10-14 00:00:00,2025-10-15 00:00:00,2025-10-16 00:00:00,2025-10-17 00:00:00,2025-10-18 00:00:00,2025-10-19 00:00:00,2025-10-20 00:00:00,2025-10-21 00:00:00,2025-10-22 00:00:00,2025-10-23 00:00:00,2025-10-24 00:00:00,2025-10-25 00:00:00,2025-10-26 00:00:00,2025-10-27 00:00:00,2025-10-28 00:00:00,2025-10-29 00:00:00,2025-10-30 00:00:00,2025-10-31 00:00:00,Total general
,(004) ESTE ES MI BUS,(10301) FA405,(10301) FA405,1529,1539,1464,562,261,1295,1282,1203,1291,1207,593,190,181,1638,1835,1627,1496,718,268,1662,1754,1599,1743,1671,615,326,1780,1835,1688,1939,1506,38297
,(004) ESTE ES MI BUS,(1048) 193B,(1048) 193B,2413,2162,2414,1107,582,1742,2010,1998,1854,1744,1114,616,580,1972,1978,2210,2100,1258,760,2098,1844,2618,2169,2128,1196,830,2091,2302,2283,2527,2332,55032
,(004) ESTE ES MI BUS,(1059) DA203,(1059) DA203,1826,1497,1860,949,0,1387,1787,1605,1339,1512,1002,0,0,1768,2050,1667,2002,1033,0,1554,1524,1627,1858,2199,1106,0,2002,1965,1608,1826,2363,42916
,(004) ESTE ES MI BUS,(1135) 59B,(1135) 59B,1915,1814,2007,1211,806,1543,2075,1693,1499,1738,918,454,394,1684,1907,1810,2001,1022,599,1689,1797,1964,1789,1867,1110,627,1954,1863,1839,1930,2079,47598
,(004) ESTE ES MI BUS,(1144) 5-1,(1144) 5-1,5510,5490,5612,4110,2410,4892,5012,4782,5041,5037,3472,2218,2042,5781,5482,5445,5748,3957,2240,5344,5770,5533,5759,5577,3936,2372,5457,5428,5275,5141,5644,145517
,(004) ESTE ES MI BUS,(1145) 5-2,(1145) 5-2,5457,5384,5406,4143,2300,4850,5032,4548,4848,4920,3950,1976,1998,5310,5230,5072,5205,4067,2100,5060,5284,5238,5240,5249,4215,2147,4987,5295,5082,4794,5241,139628
,(004) ESTE ES MI BUS,(1217) 11-2,(1217) 11-2,452,487,511,169,0,490,465,471,455,357,168,0,0,497,496,476,470,171,0,431,516,494,480,531,174,0,495,506,562,522,406,11252
,(004) ESTE ES MI BUS,(1219) 11-3,(1219) 11-3,771,858,715,458,282,776,693,732,690,693,487,299,239,698,724,739,812,479,309,731,696,668,681,667,415,272,635,687,666,660,717,18949
,(004) ESTE ES MI BUS,(1220) 11-5,(1220) 11-5,521,508,423,362,300,523,477,503,513,520,386,259,160,426,503,480,549,417,231,526,545,528,520,472,389,252,435,456,522,470,443,13619
,(004) ESTE ES MI BUS,(1221) 11-6,(1221) 11-6,957,1032,1000,632,345,943,1054,1064,1013,1011,616,359,286,942,928,956,1012,673,353,963,960,1003,993,993,669,358,932,902,903,917,889,25658
,(004) ESTE ES MI BUS,(1222) 11-7,(1222) 11-7,915,892,891,693,343,929,935,939,973,970,619,378,267,948,754,984,898,724,306,907,808,955,950,917,707,378,853,910,888,846,919,24396
,(004) ESTE ES MI BUS,(1223) 11-8,(1223) 11-8,322,341,365,282,157,337,352,328,321,320,238,161,129,341,311,334,312,247,148,268,316,311,392,333,239,194,354,394,422,326,371,9266
,(004) ESTE ES MI BUS,(1224) 11-9,(1224) 11-9,264,303,281,287,187,331,286,275,310,303,242,178,169,284,250,225,308,225,161,259,264,254,297,264,249,179,268,266,266,291,277,8003
,(004) ESTE ES MI BUS,(1225) 11-10,(1225) 11-10,640,631,686,509,419,631,567,618,624,692,536,352,359,534,570,612,603,575,386,599,610,599,579,655,566,385,563,625,607,576,620,17528
,(004) ESTE ES MI BUS,(1238) 11-4,(1238) 11-4,605,587,590,440,268,580,588,660,580,565,433,239,250,562,552,554,606,452,212,566,609,604,599,597,401,253,575,549,537,543,506,15662
,(004) ESTE ES MI BUS,(1242) CC104,(1242) CC104,728,667,693,482,0,687,761,659,699,622,420,0,6,596,704,677,698,516,0,655,690,665,647,705,421,0,649,717,647,627,626,16664
,(004) ESTE ES MI BUS,(1251) DL205,(1251) DL205,2906,2922,3170,2197,1156,2509,2814,2454,2340,2012,1929,1102,737,2526,2198,2453,3106,2348,1425,2810,2892,2762,2618,3439,2045,1391,2737,3055,2770,3488,3322,75633
,(004) ESTE ES MI BUS,(1262) FF407,(1262) FF407,3115,3024,2765,1461,807,2659,2683,2684,2534,2284,1355,683,671,2836,3039,2961,2946,1723,828,2856,3119,3090,3041,2925,1626,852,2961,3064,3110,2672,2756,73130
,(004) ESTE ES MI BUS,(1298) 669,(1298) 669,5979,6248,6437,3209,2031,5664,5916,5653,5501,6035,3018,1811,1579,6269,5996,6211,6363,3045,1957,5639,5960,5622,5586,6222,3263,2148,5512,6258,5844,5473,6043,152492
,(004) ESTE ES MI BUS,(1344) BD909,(1344) BD909,3153,3260,3326,2530,1455,3671,3449,3390,3610,3572,2246,1191,1420,3520,2665,2802,2992,2522,1462,2578,2680,3550,3123,3120,2370,1414,2769,2752,3160,3197,2914,85863
,(004) ESTE ES MI BUS,(1397) 60,(1397) 60,9652,9608,9735,6075,3108,8331,8847,8911,8806,9083,6140,3247,2765,8406,9839,9302,9512,6154,3273,8302,9721,9876,8698,9041,7584,3561,9640,9565,8999,9253,8772,243806
,(004) ESTE ES MI BUS,(1403) 271,(1403) 271,5795,5817,5683,4189,2905,5690,5744,5796,5305,5274,3918,2303,2637,5168,5409,5281,5222,4384,3041,5081,5213,5216,5091,5647,4184,2925,4869,5442,5117,4924,5728,148998
,(004) ESTE ES MI BUS,(1411) 621,(1411) 621,2940,3473,2783,2089,1655,2477,3516,3377,2935,3537,2442,1397,1200,2480,2656,3312,3370,2900,1712,3046,3538,3485,3569,3667,2767,1744,3300,3290,3649,3556,4445,90307
,(004) ESTE ES MI BUS,(1439) 688,(1439) 688,3030,2970,2881,1593,1286,2403,2336,2319,2515,2298,1460,1056,762,2562,2409,2721,2816,1739,1193,2673,2538,2442,2786,2822,1804,1207,2570,2766,2790,2775,2529,70051
,(004) ESTE ES MI BUS,(1441) C110,(1441) C110,510,426,454,318,250,366,506,458,438,397,291,156,156,468,438,486,428,297,238,360,456,445,414,360,274,239,375,349,422,331,440,11546
,(004) ESTE ES MI BUS,(1443) T48,(1443) T48,4302,4162,4113,2550,816,3932,3877,3952,3944,3503,1846,530,587,3952,4173,4247,4041,2302,874,4151,4218,4147,4159,3912,2427,809,4216,4345,4179,3249,4169,101684
,(004) ESTE ES MI BUS,(1449) CH116,(1449) CH116,5464,5578,5963,4702,3468,4980,4788,4961,4726,5208,4254,3660,2940,5586,5618,5431,5624,4480,3837,5227,5618,5891,5232,6012,5304,4426,4975,5714,5291,4991,5320,155269
,(004) ESTE ES MI BUS,(1463) CK122,(1463) CK122,1285,1265,1308,957,677,1287,1192,1127,1265,1341,949,640,462,1064,1334,1100,1396,913,668,908,1015,1448,1219,1357,1002,752,1265,1114,1058,1081,1202,33651
,(004) ESTE ES MI BUS,(1521) 5-4,(1521) 5-4,1396,1338,1312,973,356,1231,1222,1287,1331,1127,851,288,271,1301,1371,1395,1599,944,271,1133,1327,1322,1292,1252,1012,320,1290,1392,1407,1284,1467,34362
,(004) ESTE ES MI BUS,(1529) 5-3,(1529) 5-3,1099,1082,1001,632,443,925,956,1064,928,842,580,307,356,1088,1177,1174,1176,730,432,1071,1079,1134,1161,1117,675,433,1131,1150,1139,1030,1153,28265
,(004) ESTE ES MI BUS,(1572) DK211,(1572) DK211,3152,3140,2502,1927,875,2223,2724,2689,2635,2753,1609,913,770,2778,2788,2867,3569,2014,1036,2900,3194,2887,2624,2962,2234,1094,2725,2727,2781,2737,2779,74608
,(004) ESTE ES MI BUS,(1597) DA214,(1597) DA214,1594,1542,1589,1195,490,1513,1450,1338,1382,1297,926,447,405,1708,1678,1537,1289,1144,482,1415,1511,1429,1256,1390,1239,585,1247,1528,1459,1679,1533,39277
,(004) ESTE ES MI BUS,(1614) DK206,(1614) DK206,1835,1949,1840,905,463,1479,1495,1656,1670,1514,566,363,333,1743,1679,1914,1963,951,479,1698,1756,1638,1954,1826,1006,537,1810,1706,1892,1933,1673,44226
,(004) ESTE ES MI BUS,(1619) FB419,(1619) FB419,8676,8298,8911,5240,3457,8672,8575,8246,8274,7909,4821,3144,3036,8384,8270,8608,9141,5914,4045,8917,8599,9172,9064,9061,6604,4135,9439,9013,9214,9820,8894,233553
,(004) ESTE ES MI BUS,(1622) F423-F424,(1622) F423-F424,1098,1151,1127,0,0,833,786,852,759,701,0,0,0,1200,1140,1261,1153,0,0,1157,1203,1265,1143,1050,0,0,1131,1234,1198,907,1005,23354
,(004) ESTE ES MI BUS,(1630) FL422,(1630) FL422,2956,3213,3086,2309,1803,2691,2989,2800,3020,2877,2663,1479,1132,3604,3310,3182,3530,2512,1890,3562,3431,2950,3352,3511,2797,1814,3743,3571,3527,3505,3016,89825
,(004) ESTE ES MI BUS,(1649) CK102,(1649) CK102,1825,1810,1776,1259,1010,1549,2017,1266,1880,1447,1198,921,817,1795,1506,1394,2055,1469,1096,1317,1570,1971,1543,1678,1535,970,1969,1384,1902,1661,2006,47596
,(004) ESTE ES MI BUS,(1655) KA336,(1655) KA336,3887,3781,3480,2503,1658,3653,4090,3671,3976,3824,2232,1193,974,3729,3648,3232,3522,2703,1611,3737,3394,3862,3757,3885,2717,1780,4231,3875,4159,3912,4301,100977
,(004) ESTE ES MI BUS,(1660) DA215,(1660) DA215,3629,3868,3300,2909,1803,3666,2936,3356,3363,3584,2578,1749,1431,3270,3379,3023,3174,2997,2291,3529,3128,3118,3092,2989,3268,2010,3138,2627,2681,3537,3452,92875
,(004) ESTE ES MI BUS,(1693) FA427,(1693) FA427,3069,2782,3101,1821,1082,3112,3045,3152,3209,3158,1598,881,754,3197,3202,3433,3233,1797,1004,3465,3468,3248,3265,3050,1861,1103,3394,3496,3523,3906,3373,83782
,(001) CONSORCIO EXPRESS,(10411) BK904,(10411) BK904,2347,2054,2684,1588,1064,2138,2204,2284,2405,2275,1456,911,883,2096,2307,2509,2366,1428,1097,2082,2632,2233,1792,2308,1317,937,2013,2488,2290,2496,2537,61221
,(001) CONSORCIO EXPRESS,(1064) T13,(1064) T13,17367,16928,17046,11466,5418,17472,16554,16956,16164,15944,11091,5078,5180,18368,17715,17242,16294,12103,5630,17341,17680,16508,16895,15565,11802,5771,17328,17380,17435,15935,17971,447627
,(001) CONSORCIO EXPRESS,(1077) N16,(1077) N16,893,535,763,601,227,656,656,781,717,579,385,202,243,850,718,772,771,408,199,703,828,782,670,624,455,194,711,787,806,792,818,19126
,(001) CONSORCIO EXPRESS,(1141) BK903,(1141) BK903,4094,3769,4031,2861,1832,4328,4383,4432,3977,4034,2859,1705,1866,4064,4252,3832,4395,3049,1816,3840,4248,4622,4491,4649,3305,1889,4310,4301,4427,4965,4793,115419
,(001) CONSORCIO EXPRESS,(1148) LK803,(1148) LK803,0,0,0,5,0,0,0,0,0,0,0,0,0,0,0,0,0,0,0,0,0,0,0,0,0,0,0,0,0,0,0,5
,(001) CONSORCIO EXPRESS,(1149) LD800,(1149) LD800,6369,6259,6544,5492,3890,6254,6430,6021,6450,6348,3926,2470,2132,6185,6607,6441,6629,4831,3018,6309,6570,6242,6309,5867,4912,3096,6312,6339,6873,7045,7607,175777
,(001) CONSORCIO EXPRESS,(1154) T25,(1154) T25,15170,14421,14481,9082,6698,14635,14965,15822,15653,15352,8979,5930,5045,16461,16457,16764,16867,10647,6177,16437,16641,15814,15796,15585,10314,5885,16429,15444,15959,15755,16346,416011
,(001) CONSORCIO EXPRESS,(1187) BK905,(1187) BK905,4531,4778,4952,3574,2616,5433,5227,4418,5551,4837,3606,2546,2297,5305,5284,5238,6458,3692,2777,4960,5170,5049,5122,5041,3305,2416,4431,4686,4916,5204,5518,138938
,(001) CONSORCIO EXPRESS,(1189) 786,(1189) 786,5340,5446,5447,3868,2826,5535,5485,5314,5864,5595,3346,2559,2216,6108,5876,5502,5342,3795,2522,5496,5928,5724,5714,5308,4219,2873,5645,5354,5696,6283,5095,151321
,(001) CONSORCIO EXPRESS,(1191) 111,(1191) 111,10727,11518,10726,9164,4918,10144,10520,10537,10180,10405,8143,4086,3890,11105,12041,11233,12124,9209,4391,10902,10985,11156,11092,11391,9550,4797,11093,11904,11980,12765,12274,304950
,(001) CONSORCIO EXPRESS,(1196) 139,(1196) 139,12433,13032,12976,10639,5602,13142,12925,12526,12448,13016,9600,5119,4785,12660,12968,13715,12859,10685,5816,12706,11550,11973,12649,11727,10432,5882,13430,12923,12900,13863,12404,349385
,(001) CONSORCIO EXPRESS,(1206) 256,(1206) 256,2685,2548,2783,2573,1486,0,0,0,0,0,0,0,0,0,0,0,50,0,0,0,0,0,0,0,0,0,0,0,0,0,0,12125
,(001) CONSORCIO EXPRESS,(1207) T30B,(1207) T30B,3987,4438,4352,2923,2087,3768,3245,3699,3595,3228,3366,2245,1947,3508,3856,3274,3413,3489,2275,4320,4770,4231,4535,4478,3650,2340,4329,4348,4618,4793,4898,114005
,(001) CONSORCIO EXPRESS,(1213) BD906,(1213) BD906,4624,4480,4327,2956,0,4632,5256,4876,4935,5030,2276,0,0,5296,4926,5020,4927,3061,0,4107,4653,4768,4387,4150,2978,0,4197,4341,4589,4677,4643,114112
,(001) CONSORCIO EXPRESS,(1233) 661,(1233) 661,9717,9329,8601,5949,3974,9273,9285,8960,8874,8882,4759,3345,2899,9309,8827,8807,9959,5934,3541,8916,8939,8954,8851,9198,5513,4100,9656,10115,9974,10702,10158,245300
,(001) CONSORCIO EXPRESS,(1236) 330,(1236) 330,21557,21707,20493,15612,7444,18246,19863,19533,18257,18697,12749,6745,6532,21129,19997,20759,20897,16383,7332,19707,20234,19716,20485,20471,15998,6981,19372,19902,20246,24372,21839,543255
,(001) CONSORCIO EXPRESS,(1237) 18-3,(1237) 18-3,7207,6799,8100,4759,2135,7002,7199,6570,7536,7273,3558,1963,1668,7050,7948,6254,6961,4998,2150,7386,8043,7668,8113,8083,4450,2320,8372,7516,7908,7101,8564,192654
,(001) CONSORCIO EXPRESS,(1239) 291,(1239) 291,7296,7429,7686,5486,3419,7882,8807,8046,7607,7375,4623,3265,2812,7393,7498,7304,7560,5292,3316,7814,8591,7424,8277,7986,5189,3070,7876,7271,7531,9328,8795,209248
,(001) CONSORCIO EXPRESS,(1240) LA805,(1240) LA805,3764,3566,3423,2734,1908,3316,3429,3312,3574,3245,2674,1638,1481,4057,3984,3864,3174,3377,1741,3973,3802,3870,3505,3315,3165,1730,3890,3824,3995,4349,3897,101576
,(001) CONSORCIO EXPRESS,(1241) T43A,(1241) T43A,1646,1672,1587,1348,916,1617,1465,1582,1611,1460,1140,806,729,1611,1617,1789,1601,1182,896,1653,1758,1714,1712,1590,1242,1084,1737,1654,1706,1685,1622,45432
,(001) CONSORCIO EXPRESS,(1267) 18-7,(1267) 18-7,138,165,155,124,58,147,136,144,120,130,41,50,44,120,150,113,113,84,85,150,111,109,116,144,115,81,116,176,163,121,89,3608
,(001) CONSORCIO EXPRESS,(1268) 18-9,(1268) 18-9,136,168,136,103,0,131,151,127,160,130,62,0,0,166,165,99,85,87,0,155,124,144,134,152,98,0,152,168,134,137,97,3401
,(001) CONSORCIO EXPRESS,(1269) 18-11,(1269) 18-11,314,438,444,226,88,422,422,391,382,385,197,90,35,450,490,436,452,303,123,454,499,466,457,470,263,175,424,476,395,436,454,11057
,(001) CONSORCIO EXPRESS,(1273) 18-14,(1273) 18-14,316,343,297,304,158,292,302,288,387,306,317,145,113,251,323,348,338,346,141,307,289,302,327,368,384,140,294,279,277,288,303,8873
,(001) CONSORCIO EXPRESS,(1275) T06,(1275) T06,3175,3269,3178,1837,1236,2725,2382,2486,2367,2494,2390,1180,1276,2812,3012,3475,3182,1946,1288,2854,3221,3068,2861,3475,1854,1283,3042,3260,2843,3183,3170,79824
,(001) CONSORCIO EXPRESS,(1278) 19-1,(1278) 19-1,4100,3731,4012,1898,386,3836,3870,3896,3696,3434,1563,354,489,4360,4554,4252,4012,1889,386,4010,3794,3752,4139,3741,2000,417,3805,3860,3744,3048,3306,94334
,(001) CONSORCIO EXPRESS,(1279) 19-3,(1279) 19-3,3255,2953,3114,1275,0,3070,3082,3271,3117,2884,1038,0,0,3626,3902,3437,3711,1448,0,3511,3298,3410,3596,3320,1340,0,3483,3284,3037,2770,3177,77409
,(001) CONSORCIO EXPRESS,(1282) 19-6,(1282) 19-6,7015,6882,6694,2951,0,6403,6444,6458,6187,5901,2508,0,0,7155,7267,7172,6894,3152,0,7128,7264,7245,7076,6845,2860,0,6688,7182,7251,6070,6411,161103
,(001) CONSORCIO EXPRESS,(1284) 19-8,(1284) 19-8,3239,3167,2899,855,0,3250,3329,3387,3168,3018,811,0,0,3469,3324,3571,3225,903,0,3114,3197,3164,3020,3204,919,0,3417,3389,3394,2785,2789,74007
,(001) CONSORCIO EXPRESS,(1285) 19-9,(1285) 19-9,1868,1466,1674,614,160,2065,2030,1986,2011,1786,561,166,167,1860,2035,1942,1611,646,155,1877,1880,1608,2023,1664,621,184,1923,1949,1625,1648,1596,43401
,(001) CONSORCIO EXPRESS,(1286) 14-6,(1286) 14-6,66,56,82,74,53,79,91,69,77,77,70,28,38,68,65,64,63,64,31,70,79,80,100,56,61,19,83,102,82,75,53,2075
,(001) CONSORCIO EXPRESS,(1287) 14-1,(1287) 14-1,1157,1073,1127,590,279,1047,1039,1148,1031,974,530,250,270,1090,1085,1052,1016,554,246,1171,1079,1181,1091,1089,564,251,1122,1181,1170,1082,1058,27597
,(001) CONSORCIO EXPRESS,(1290) 15-3,(1290) 15-3,4425,4406,4381,2793,1278,3580,3609,3385,3589,3471,2385,1113,996,4006,3687,4233,3968,2635,1135,3918,4191,4126,4124,4101,2498,1241,4028,4205,4051,4027,3798,103383
,(001) CONSORCIO EXPRESS,(1294) 15-4,(1294) 15-4,1771,1840,1694,795,0,1525,1634,1682,1723,1571,908,0,0,1629,1375,1529,1597,846,0,1560,1733,1707,1759,1730,834,0,1626,1647,1774,1700,1643,39832
,(001) CONSORCIO EXPRESS,(1296) 15-5,(1296) 15-5,1178,1061,1115,524,158,965,1022,979,965,951,486,155,153,1065,1153,1078,953,503,151,1065,1055,1044,1133,993,555,155,1039,1118,1056,1123,1068,26019
,(001) CONSORCIO EXPRESS,(1300) C25,(1300) C25,3787,3314,3635,2347,1051,3381,3404,3510,3202,3120,1872,929,986,3695,3909,3390,3695,2457,969,3471,3451,3485,3701,3772,2304,1055,3526,3408,3261,3212,3343,90642
,(001) CONSORCIO EXPRESS,(1301) 442,(1301) 442,8328,8725,7541,5325,2780,7480,7651,7437,7261,7090,4062,2460,2322,8727,8603,8122,7826,5296,2781,8252,8256,7945,8216,7910,5390,2619,8028,7933,8347,9236,7485,209434
,(001) CONSORCIO EXPRESS,(1302) BH907,(1302) BH907,20492,21224,20480,11475,7746,17957,18340,17890,18245,17879,10693,7042,6325,19934,19220,19583,17679,11881,8285,18490,19110,19581,19731,20274,11683,7957,18527,18285,18687,20282,20611,505588
,(001) CONSORCIO EXPRESS,(1304) 13-8,(1304) 13-8,89,84,89,48,34,82,84,66,82,93,43,18,21,93,128,96,83,54,43,97,120,104,65,59,38,13,84,97,116,79,81,2283
,(001) CONSORCIO EXPRESS,(1306) T27,(1306) T27,1400,1351,1296,763,223,1124,1138,1113,1089,1078,708,223,308,1272,1263,1291,1252,729,196,1219,1330,1325,1240,1271,745,250,1325,1451,1236,1261,1184,31654
,(001) CONSORCIO EXPRESS,(1307) 13-2,(1307) 13-2,1647,1651,1579,1138,739,1278,1332,1426,1551,1378,986,581,597,1690,1511,1685,1750,1270,611,1423,1417,1484,1486,1647,1080,703,1519,1544,1568,1456,1653,41380
,(001) CONSORCIO EXPRESS,(1308) 13-4,(1308) 13-4,1919,1602,1847,1438,554,1417,1600,1839,1623,1635,1116,495,456,1453,1897,1907,1794,1262,563,1626,1677,1626,1867,1938,1262,607,1704,1642,1610,1560,1421,44957
,(001) CONSORCIO EXPRESS,(1309) 13-5,(1309) 13-5,1749,1593,1686,1243,868,1417,1472,1554,1627,1349,1027,783,681,1709,1664,1452,1623,1215,868,1547,1578,1458,1673,1455,1140,928,1452,1374,1201,1533,1569,42488
,(001) CONSORCIO EXPRESS,(1310) 114A,(1310) 114A,2674,2697,2802,1871,979,2478,2590,2133,2136,2075,1857,859,738,2728,2579,2604,2762,1796,946,2658,2838,2627,2339,2645,1738,1016,2596,2539,2656,2656,2862,68474
,(001) CONSORCIO EXPRESS,(1312) Z8,(1312) Z8,10555,10569,10614,6318,3565,9396,9782,9555,8961,9208,5320,2894,2942,10377,10702,10956,10446,5942,3105,10274,11042,11481,10072,10566,6405,3188,10562,11874,11056,11918,11650,271295
,(001) CONSORCIO EXPRESS,(1318) T26,(1318) T26,3955,3841,3617,2520,1409,4111,3981,3717,4169,4021,2223,1428,1304,4295,4101,4409,4040,2434,1329,4162,4287,3997,4248,4106,2236,1418,4365,4076,3951,4239,4305,106294
,(001) CONSORCIO EXPRESS,(1320) TC10,(1320) TC10,790,742,728,441,0,843,1072,1035,993,767,376,0,0,1155,1068,988,854,534,0,806,784,709,737,738,509,0,783,605,875,708,699,20339
,(001) CONSORCIO EXPRESS,(1322) Z4B,(1322) Z4B,3077,3032,3077,2053,1289,2546,2833,3001,2790,2937,1554,1189,1289,2843,2816,3252,2815,1620,1320,2913,2989,2919,2921,3098,2064,1204,2935,2829,3060,2997,2878,78140
,(001) CONSORCIO EXPRESS,(1323) LG807,(1323) LG807,2238,2438,2738,2354,1503,2484,2293,2355,2475,2251,1946,1421,1399,2133,2744,2507,2735,2289,1829,2006,2047,2228,2474,2452,2399,1774,2395,2731,2194,2893,2647,70372
,(001) CONSORCIO EXPRESS,(1324) 191,(1324) 191,4502,4620,4573,3048,1594,4146,4033,4090,3996,3799,2428,1787,1446,4563,4796,4445,4347,2809,1544,4520,4555,4634,4221,4235,2773,1511,4077,4421,4628,5150,5210,116501
,(001) CONSORCIO EXPRESS,(1327) E44,(1327) E44,9881,9062,9472,6801,4091,8410,8905,8607,7823,7972,6032,3471,3328,9289,8951,8409,8662,5836,3970,8641,9157,9710,9341,8591,6418,3627,8673,8904,9345,10276,9758,241413
,(001) CONSORCIO EXPRESS,(1341) E17,(1341) E17,1732,1720,1947,1081,0,1596,1552,1591,1622,1652,968,0,0,1983,1821,1940,1807,1224,0,1892,1940,1945,1922,2106,1055,0,1794,2003,2056,2003,2190,45142
,(001) CONSORCIO EXPRESS,(1342) E43,(1342) E43,2227,2147,2078,1621,1060,2202,2291,2359,2133,2217,1747,981,1033,2212,2085,2572,2397,1786,1093,2370,2418,2195,2260,2163,1665,1170,2255,2105,2229,2539,2339,61949
,(001) CONSORCIO EXPRESS,(1344) BD909,(1344) BD909,4031,3652,3777,1804,930,3207,3166,3657,2974,2935,1545,952,805,3358,3746,3563,3425,1762,988,3783,3611,3663,3581,3600,1698,964,3308,3773,3450,3423,3690,88821
,(001) CONSORCIO EXPRESS,(1360) P49,(1360) P49,10844,10521,10366,9081,4923,9364,9918,9124,8232,9588,7384,4462,4361,10276,10375,9750,9382,8816,4637,10291,10410,10141,10123,10636,8611,5158,10216,10624,10454,11397,10279,279744
,(001) CONSORCIO EXPRESS,(1371) E26B,(1371) E26B,5448,5553,5728,2831,1374,4788,4804,5070,4729,4810,2580,1137,1258,5831,5643,5876,5692,3106,1273,5068,5413,5527,5418,5639,3072,1431,5370,5289,5164,5684,5516,136122
,(001) CONSORCIO EXPRESS,(1372) T21,(1372) T21,13250,13275,13810,9263,4952,11814,12376,11321,12186,12138,8165,4168,4064,13139,13801,12072,13241,8913,4572,13436,12711,13056,12975,11429,9037,4614,11477,12377,13697,13515,14379,339223
,(001) CONSORCIO EXPRESS,(1373) T795,(1373) T795,4435,4465,4312,1952,924,3543,3852,3791,3508,3441,1655,752,765,4341,4530,4383,4235,1997,846,4115,4086,4455,4372,4016,1975,909,4180,4287,4206,4656,4197,103181
,(001) CONSORCIO EXPRESS,(1378) B908,(1378) B908,1861,1626,1568,781,139,2100,2257,2377,2178,1998,627,134,200,2235,2180,2287,2209,740,135,2028,2118,2083,2246,2096,817,187,2017,2119,1886,1799,1592,48620
,(001) CONSORCIO EXPRESS,(1381) P7,(1381) P7,4853,3961,4301,3897,2962,4630,4463,4601,3988,4083,3533,2808,2328,4236,4206,4205,4128,3847,2662,4927,4601,4730,4227,4831,3668,2780,4244,4458,4521,4630,4433,125742
,(001) CONSORCIO EXPRESS,(1382) P24,(1382) P24,0,0,0,0,0,0,0,0,0,0,0,0,0,0,0,124,0,0,0,0,0,0,0,1,0,0,0,0,0,0,0,125
,(001) CONSORCIO EXPRESS,(1414) BA915,(1414) BA915,1366,1385,1411,554,0,1225,1165,1280,1203,1149,518,0,1,1447,1340,1247,1365,596,1,1132,1366,1244,1296,1323,546,1,1468,1234,1396,1508,1350,31117
,(001) CONSORCIO EXPRESS,(1440) CB130,(1440) CB130,5521,5633,5359,3984,2313,4710,5425,5053,4457,4380,3561,1976,1989,5778,5074,5055,4724,4160,2706,5569,5569,6879,5839,5259,4207,2787,5248,5362,5942,6211,5542,146272
,(001) CONSORCIO EXPRESS,(1466) CB118,(1466) CB118,7172,7401,7470,5641,2603,6861,6883,6640,6855,6839,4787,2456,2628,7374,7713,7563,7398,5117,2781,7362,7326,7137,7525,7664,5002,2673,7405,7690,7459,7400,7829,194654
,(001) CONSORCIO EXPRESS,(1467) BK916,(1467) BK916,5679,5357,5015,3203,1594,4197,4314,4320,3753,3954,2891,1613,1417,3765,4422,4275,4553,3278,1759,4713,5230,5202,5413,5249,3194,1752,4536,4869,4856,5349,5963,125685
,(001) CONSORCIO EXPRESS,(1485) LA809,(1485) LA809,2611,2367,2691,1390,909,2358,2432,2312,2165,2195,1614,846,623,2239,2200,2541,2656,1552,782,2315,2507,2378,2238,2226,1569,915,2404,2379,2391,2579,2449,62833
,(001) CONSORCIO EXPRESS,(1486) BC917,(1486) BC917,4294,4280,4338,2934,1866,3739,3811,4265,3926,3625,2448,1366,1500,4268,4665,3876,4713,2610,1976,3908,3698,3984,4398,4408,2790,1957,4593,4899,4321,4699,5031,113186
,(001) CONSORCIO EXPRESS,(1488) BA900,(1488) BA900,2730,3046,2696,1572,731,2860,2871,2820,2656,2664,1361,697,643,3539,3359,3464,3231,1507,665,2855,2766,2451,2740,2689,1499,736,2892,3315,2687,2982,2966,73690
,(001) CONSORCIO EXPRESS,(1498) LK810,(1498) LK810,4456,4743,4478,4282,2428,4805,4339,4452,4624,3933,3000,1973,1652,4119,4265,4564,4636,3848,2068,5066,4209,4865,4441,4714,4086,2572,4077,4437,4329,4770,4263,124494
,(001) CONSORCIO EXPRESS,(1499) LH811,(1499) LH811,1567,1771,1836,1099,403,1340,1766,1482,1705,1727,1252,432,379,1737,1719,2081,1928,1278,420,1576,1878,1699,1799,1720,1196,476,1567,1684,1564,1746,1667,44494
,(001) CONSORCIO EXPRESS,(1505) BL919,(1505) BL919,6511,6166,6302,3743,2024,6143,6465,6693,6308,6351,3663,1663,1491,6866,7245,7195,7522,4013,1875,7410,7269,6785,7396,6889,3961,2058,6498,7161,6535,7019,6539,173759
,(001) CONSORCIO EXPRESS,(1509) B920,(1509) B920,2130,1868,2032,565,0,1803,2104,1888,1816,1821,434,0,0,1943,2065,1981,1933,591,0,1897,2175,2087,2170,1980,469,0,2153,2148,2145,1984,1938,46120
,(001) CONSORCIO EXPRESS,(1511) BF918,(1511) BF918,3986,3524,4131,2077,0,3710,3865,3887,3653,3982,2035,0,0,4939,3686,4746,4819,2359,0,4360,4251,4699,4253,4616,2374,0,3861,4438,4652,5166,4891,102960
,(001) CONSORCIO EXPRESS,(1514) LK812,(1514) LK812,3509,2965,3154,2976,1270,3582,3115,3520,3324,3391,2368,1030,887,3254,3024,2922,2808,2534,1263,2929,3175,3106,3002,3331,2539,998,2704,3156,3440,3265,3506,86047
,(001) CONSORCIO EXPRESS,(1515) CL155,(1515) CL155,8972,8556,7645,6359,4246,7596,8437,8252,7551,8320,5437,3732,3455,8172,8265,7410,6923,6104,3928,7789,8228,8365,7869,6617,5704,3965,7232,7564,7725,8242,7758,216418
,(001) CONSORCIO EXPRESS,(1523) LA815,(1523) LA815,1675,1833,1850,1457,774,1567,1422,1529,1559,1488,1237,837,439,1896,1538,1745,1462,1469,778,1470,1556,1391,1572,1727,1239,698,1384,1668,1626,1585,1504,43975
,(001) CONSORCIO EXPRESS,(1530) LA814,(1530) LA814,3126,3123,2470,1385,691,2647,2447,2542,2588,2278,1552,746,565,2832,2745,2760,2476,1582,756,2880,2833,2944,2985,3069,1529,647,2559,2635,2653,2377,2468,68890
,(001) CONSORCIO EXPRESS,(1531) L813,(1531) L813,1373,1618,1555,800,444,1736,1625,1636,1559,1379,737,354,450,1756,1606,1626,1472,943,419,1522,1759,1508,1551,1541,913,516,1755,1682,1725,1762,1878,41200
,(001) CONSORCIO EXPRESS,(1563) AA001,(1563) AA001,1225,1159,1180,602,288,1087,1081,1101,1056,1103,587,262,249,1230,1187,1175,1229,590,250,1189,1245,1235,1264,1220,619,248,1218,1217,1171,1143,1221,29631
,(001) CONSORCIO EXPRESS,(1570) LH817,(1570) LH817,1949,2001,2025,1087,544,1676,1844,1722,1780,1526,848,364,379,2039,1993,2035,2025,1305,551,2174,1928,2083,1996,1875,1272,591,1962,2115,2047,1842,1967,49545
,(001) CONSORCIO EXPRESS,(1578) HL716,(1578) HL716,1483,1413,1357,908,366,951,962,956,926,1005,664,327,241,1361,1446,1497,1467,802,342,1397,1514,1341,1536,1428,844,353,1316,1395,1455,1295,1301,33649
,(001) CONSORCIO EXPRESS,(1584) B926,(1584) B926,2313,2273,2190,796,0,2151,2205,2055,2107,1910,787,0,0,2448,2408,2414,2285,920,0,2342,2484,2298,2414,2290,921,0,2302,2452,2448,2129,1945,53287
,(001) CONSORCIO EXPRESS,(1587) LA818,(1587) LA818,2701,2726,2694,1881,873,2548,2219,2420,2352,2451,1677,847,798,2734,2729,2597,2473,1735,875,2610,2515,2511,2255,2637,1718,964,2585,2516,2604,2672,2798,67715
,(001) CONSORCIO EXPRESS,(1593) B927,(1593) B927,235,232,246,153,0,237,233,253,273,252,107,0,0,266,267,293,262,144,0,296,305,191,224,254,150,0,282,279,275,219,215,6143
,(001) CONSORCIO EXPRESS,(1607) AA002,(1607) AA002,5257,4874,4955,4439,2622,5356,5380,5428,5520,5402,3309,2364,1918,5626,5281,4701,4883,4138,2537,5348,5265,4680,5296,4592,4076,2592,5188,5049,5176,4576,5642,141470
,(001) CONSORCIO EXPRESS,(1611) L819,(1611) L819,1097,943,966,253,2,1021,960,976,954,966,255,0,1,1105,1129,1034,1016,303,2,982,1099,1119,1085,1053,278,3,1106,1025,1025,971,981,23710
,(001) CONSORCIO EXPRESS,(1635) CB161,(1635) CB161,4997,5454,5067,3612,2022,4621,4201,4314,4732,4594,2955,1905,2197,5089,5560,5064,5727,3547,2197,5163,5166,5189,5129,4946,3226,2260,5072,5038,4596,5630,5398,134668
,(001) CONSORCIO EXPRESS,(1636) CB162,(1636) CB162,6153,6856,6240,4032,1692,6254,6032,6252,6090,6084,3735,1831,1718,6936,6457,7129,6338,3877,1831,6479,6715,6445,6549,6404,3825,2004,6626,6490,6334,6520,6466,166394
,(001) CONSORCIO EXPRESS,(1638) LA821,(1638) LA821,2146,2190,2131,1389,656,2053,2012,1671,1870,1846,1261,670,677,2217,1828,2217,2016,1426,659,1956,2168,1925,2104,1997,1336,611,2000,2134,2046,1814,2082,53108
,(001) CONSORCIO EXPRESS,(1658) LG816,(1658) LG816,2789,2136,1946,2012,1573,2529,2525,2475,2664,2511,2045,1688,1501,2467,2481,1980,1999,2484,1793,2849,2957,2886,2737,3150,2414,1854,3074,2471,2749,2681,3072,74492
,(001) CONSORCIO EXPRESS,(1681) DB217,(1681) DB217,6405,6715,6297,3628,1347,5847,6029,5905,5620,5665,2966,1301,1356,6967,7118,7097,6964,3573,1206,6701,6811,6779,6558,6766,3825,1250,6092,6486,6771,7133,6112,163290
,(001) CONSORCIO EXPRESS,(1683) LL822,(1683) LL822,3098,3225,3191,2286,944,2876,2718,3010,2903,3073,2156,862,862,3198,3150,3181,3363,2272,944,2973,3049,3139,2859,2926,2138,978,3043,3097,3149,3284,3100,81047
,(001) CONSORCIO EXPRESS,(1687) CB109,(1687) CB109,5876,5200,5550,3367,1552,5158,5121,5407,5490,4962,3116,1752,1657,5672,5420,5451,5784,3475,1922,5410,5659,5473,5705,6114,3627,1891,5376,5800,5875,6157,6140,145159
,(001) CONSORCIO EXPRESS,(1697) LH803,(1697) LH803,2668,2516,2423,2032,1084,2492,2543,2400,2508,2431,2575,1195,1166,2867,3111,2459,2727,2658,1321,2799,2439,2721,2791,2680,2627,1250,2395,2349,2485,2145,2742,72599
,(001) CONSORCIO EXPRESS,(1698) LA856,(1698) LA856,0,0,0,0,0,2012,2777,2636,2871,2903,1961,970,933,2418,2306,2565,2087,1838,1190,2574,2602,2681,2093,2719,1949,1016,2794,3031,2793,2506,2996,59221
,(002) MASIVO CAPITAL,(10208) FC404,(10208) FC404,9085,8740,8179,5700,4485,7616,7647,7500,7361,7199,4504,3489,2963,9250,8629,8760,9734,5701,3842,8790,9022,8779,8504,8869,5908,3940,8523,9097,8894,10038,9134,229882
,(002) MASIVO CAPITAL,(1052) BG902,(1052) BG902,10965,11072,11175,8195,6290,9029,10232,9459,9527,9514,7336,5610,5571,10652,11231,10885,10641,7880,5987,10844,11801,10426,10749,11163,8366,6509,11093,11177,11421,12370,11426,298596
,(002) MASIVO CAPITAL,(1055) GL508,(1055) GL508,2892,2963,2996,2021,1238,2450,2429,2382,2488,2425,1792,1360,1126,3152,3159,2988,3258,1816,1308,2868,3068,2881,3158,3008,1949,1247,3013,3241,3033,3186,3295,78190
,(002) MASIVO CAPITAL,(1058) GC509,(1058) GC509,13847,14213,14138,10178,7739,12808,13193,12813,12737,13512,8567,5218,5158,13911,12979,13746,13108,9643,7064,12764,13817,13890,13719,13921,10330,7205,12691,13804,13720,15335,16085,371853
,(002) MASIVO CAPITAL,(1063) GA507,(1063) GA507,6433,6589,6394,4124,2219,6329,6844,6190,6554,6087,3765,1986,1544,6191,6127,6141,5765,4092,2260,6577,6668,6514,6887,6579,4285,2294,6000,6665,5581,6809,6453,166946
,(002) MASIVO CAPITAL,(1084) CA103,(1084) CA103,6714,7029,6478,3004,1089,5338,5876,5377,5171,5009,2536,1009,977,7411,8081,7144,6893,3033,1046,6592,6643,6528,6189,6713,2985,1299,6836,7081,6295,7265,6706,160347
,(002) MASIVO CAPITAL,(1088) FF402,(1088) FF402,3166,3202,3162,2102,889,2397,2662,2685,2848,2650,1941,773,864,3194,3033,3093,3309,2097,1013,2975,3327,3055,3178,3289,2283,886,3158,3368,3429,3374,3015,80417
,(002) MASIVO CAPITAL,(1092) 39,(1092) 39,5999,5508,5563,4229,3132,4384,5193,4989,4973,5281,4359,2681,2568,6157,6096,5601,6153,4645,3483,5911,6179,5780,5844,5661,4738,3140,6013,6051,5921,5791,6071,158094
,(002) MASIVO CAPITAL,(1101) 579,(1101) 579,9432,9515,9696,6372,2999,8820,8442,8799,9041,8515,5986,2303,2127,9549,9276,9440,9037,6599,2833,8605,9231,9473,8786,9028,6510,2917,9236,9175,9577,9094,10063,240476
,(002) MASIVO CAPITAL,(1102) 593,(1102) 593,10419,10484,10800,6988,3565,9934,10271,10226,9790,9805,6465,3627,3070,10479,9592,9816,9990,6992,3880,10315,10389,10474,9796,10167,6725,3937,9893,10292,9398,10586,10395,268560
,(002) MASIVO CAPITAL,(1111) 953,(1111) 953,4107,3685,4015,3399,2050,3659,3934,4202,4056,3972,3141,1911,1888,3855,4146,4342,4184,3377,1914,3875,4160,3857,4161,4092,3460,2094,3868,3841,4263,4155,4378,112041
,(002) MASIVO CAPITAL,(1112) 166,(1112) 166,5234,5714,5690,4015,2098,5644,5558,5809,6497,5987,4131,3386,2687,5678,5571,6300,6190,4455,2730,6349,5534,6437,5556,6196,4557,2909,5872,5597,5448,6177,6048,160054
,(002) MASIVO CAPITAL,(1131) T62,(1131) T62,6029,5793,5722,3519,1706,5038,5465,5081,4765,5567,2810,1515,1349,5687,6053,5934,5770,3250,1731,5299,5138,4965,5494,5160,3496,1507,5753,5133,5131,5972,5837,141669
,(002) MASIVO CAPITAL,(1138) T11,(1138) T11,11080,12282,13306,8267,3319,11459,12336,11493,12170,11857,8284,3738,3877,11684,13003,12498,12335,8042,3862,11377,13193,12158,11637,11758,8679,3581,11969,12817,13021,11748,12943,319773
,(002) MASIVO CAPITAL,(1157) 19-2,(1157) 19-2,1437,1402,1522,506,0,1458,1691,1526,1589,1546,533,0,0,1539,1552,1643,1619,564,0,1215,1376,1647,1327,1617,699,0,1467,1666,1621,1440,1515,35717
,(002) MASIVO CAPITAL,(1158) 19-12,(1158) 19-12,4175,4183,3818,1837,367,3727,3651,3803,3798,3296,1500,340,325,4069,4136,4249,4034,1765,335,4111,4216,4325,4284,3870,1801,378,4018,4366,4293,3702,3772,96544
,(002) MASIVO CAPITAL,(1167) 19-10,(1167) 19-10,943,999,900,377,0,799,769,850,957,753,302,0,0,952,851,913,747,387,0,918,992,926,921,681,343,0,951,1000,967,940,920,21058
,(002) MASIVO CAPITAL,(1168) T52,(1168) T52,3440,3602,3168,1090,0,3172,2974,3075,2914,2663,1001,0,0,3595,3621,3280,3378,1153,0,3259,3552,3448,3347,3184,1156,0,3460,3500,3481,2987,3075,76575
,(002) MASIVO CAPITAL,(1169) T53,(1169) T53,2136,2077,1796,927,238,1807,1744,2030,1867,1691,801,279,278,2126,2126,1998,1942,1027,230,1882,2168,2191,2110,2058,1068,242,1969,2118,2159,1758,1910,48753
,(002) MASIVO CAPITAL,(1208) 576,(1208) 576,2384,2555,2603,3140,1831,2521,2576,2824,2601,3209,2497,1448,1422,2248,2366,2423,2607,3012,1717,2250,2055,1949,1964,2380,2910,1801,1870,2364,1931,2787,2272,72517
,(002) MASIVO CAPITAL,(1260) T163,(1260) T163,11133,11138,10558,7161,3134,9039,9564,9491,9144,9187,5539,2670,2660,10265,11130,10375,10746,6399,3135,10284,12414,11367,10590,10865,6425,3377,10993,11344,10739,11340,10514,272720
,(002) MASIVO CAPITAL,(1274) GF511,(1274) GF511,7294,7087,6925,4228,1819,6647,6620,6711,6740,6263,3790,1505,1642,7129,7311,7202,6785,4252,1833,7117,7363,7516,7049,7081,4281,1932,7097,7232,7221,5949,6615,178236
,(002) MASIVO CAPITAL,(1276) GF512,(1276) GF512,7583,7200,7509,4996,2126,7059,6910,6914,7040,6932,4415,1615,1761,7301,7584,7699,7198,4739,2062,7113,7520,7498,7448,7238,4767,2095,7437,7493,7830,6656,6919,188657
,(002) MASIVO CAPITAL,(1291) CA117,(1291) CA117,7013,7298,7107,6067,3458,6201,6572,6334,6547,6555,4947,2955,3070,7144,7131,5634,7246,5715,3257,6514,6692,7035,7253,5678,5693,3458,5546,6950,6250,6461,6871,184652
,(002) MASIVO CAPITAL,(1326) FH408,(1326) FH408,11566,11667,10932,9752,4889,10585,10746,10084,10219,10981,8206,4105,3818,11572,11116,12058,11896,9977,4680,11330,11445,12014,11590,10917,9850,5041,11377,11284,10659,11975,11483,307814
,(002) MASIVO CAPITAL,(1345) FF409,(1345) FF409,3672,3556,3664,2079,1111,2878,2868,2767,2989,2428,1877,1023,999,3511,3520,3446,3425,2096,980,3460,3435,3368,3415,3300,2006,1157,3066,3413,3439,3968,3353,86269
,(002) MASIVO CAPITAL,(1347) FA410,(1347) FA410,8364,8046,7572,5309,3514,7961,8102,8470,8353,8489,4521,3338,2881,7656,7976,7486,7264,5161,3433,7469,7906,7713,7268,7974,5288,3700,7674,8016,7900,9026,8033,211863
,(002) MASIVO CAPITAL,(1381) P7,(1381) P7,7905,7898,7578,7515,5532,8057,8359,7516,8027,8413,6812,4569,3869,8476,8503,8565,8934,7748,5641,7958,7678,7636,8464,8259,7521,5804,7835,8178,7798,8555,8795,234398
,(002) MASIVO CAPITAL,(1387) C201,(1387) C201,4063,4614,4725,3393,3134,5023,4676,4675,4507,4895,2729,2520,2494,4679,5013,5090,4397,3220,2460,3767,3838,4132,4692,4345,3386,2622,3711,4060,3431,3968,4113,122372
,(002) MASIVO CAPITAL,(1392) T55,(1392) T55,2165,1903,1711,1411,782,1503,1544,1612,1522,1427,1166,642,721,2028,2125,2294,2259,1415,687,1889,2317,2202,2157,2225,1498,753,1982,1922,1913,2348,2547,52670
,(002) MASIVO CAPITAL,(1395) TC30,(1395) TC30,6549,6516,6370,4034,2678,5359,5309,5268,5158,5215,3468,2295,2088,6051,6263,6193,6040,3858,2606,5877,5957,5779,5967,6131,3906,2594,5553,5933,6057,6198,6092,157362
,(002) MASIVO CAPITAL,(1398) 8-10,(1398) 8-10,2876,2836,2896,1482,438,2584,2593,2751,2627,2589,1266,344,318,2789,2952,2829,2773,1522,470,2894,3052,2903,2859,2758,1536,427,2988,2998,3054,2042,2765,69211
,(002) MASIVO CAPITAL,(1399) 19-7,(1399) 19-7,3852,3668,3686,1609,312,3645,3578,3661,3697,3385,1461,340,373,3932,3735,3685,3757,1617,399,3556,4106,4076,3678,3690,1648,466,3883,3863,3847,3115,3494,89814
,(002) MASIVO CAPITAL,(1400) 19-11,(1400) 19-11,1033,976,908,337,0,879,906,926,879,848,307,0,0,983,1067,1027,986,299,0,958,1024,1032,997,1075,347,0,1030,1031,1080,681,850,22466
,(002) MASIVO CAPITAL,(1415) T08,(1415) T08,512,525,544,202,126,505,463,472,461,409,224,110,92,534,565,576,503,228,106,577,613,600,554,530,215,108,495,565,513,525,528,12980
,(002) MASIVO CAPITAL,(1417) CB100,(1417) CB100,814,1042,727,464,0,558,683,798,705,771,379,0,0,850,931,822,871,411,0,846,795,782,982,718,436,0,744,798,646,608,740,18921
,(002) MASIVO CAPITAL,(1420) E61,(1420) E61,2845,2452,2390,1520,773,2592,2418,2169,2738,2106,1227,776,733,2760,2915,2837,2754,1538,897,2870,2553,2580,3079,2461,1632,916,2917,2744,2737,3120,2569,68618
,(002) MASIVO CAPITAL,(1426) 7,(1426) 7,6664,6728,6355,4222,2860,6695,6981,6703,6277,6282,3928,2377,2254,6355,6097,5941,6153,4137,3086,6231,6814,6805,7104,6978,4049,3074,5925,5610,6021,6358,6118,171182
,(002) MASIVO CAPITAL,(1456) FG414,(1456) FG414,587,474,495,307,169,498,468,429,451,448,371,130,107,565,518,496,516,349,159,513,507,494,566,608,415,162,424,532,380,381,471,12990
,(002) MASIVO CAPITAL,(1457) CC146,(1457) CC146,569,591,556,348,166,556,479,511,561,473,289,182,139,587,632,595,624,366,190,557,651,644,540,545,347,194,582,571,646,562,571,14824
,(002) MASIVO CAPITAL,(1483) GA522,(1483) GA522,1752,1738,1817,1830,1063,1454,1763,1566,1711,1681,1182,1181,913,1991,1546,1854,1777,1670,1255,1675,1889,1942,1729,1746,1696,1309,1557,1782,1671,2030,1656,50426
,(002) MASIVO CAPITAL,(1490) CG156,(1490) CG156,3878,3879,3978,2954,2673,3674,3599,3745,3852,3870,2388,2122,1704,3571,3824,3881,3788,2722,2387,3629,3323,3555,3833,3896,2654,2462,3759,3845,3802,4708,3882,105837
,(002) MASIVO CAPITAL,(1492) CG157,(1492) CG157,7316,7716,7253,6250,4353,6752,6893,6491,6103,6366,5200,4160,3761,6518,6272,5626,5418,6353,4301,7268,7278,6921,7449,6887,6334,4655,7636,7292,7391,7110,7098,196421
,(002) MASIVO CAPITAL,(1547) CC159,(1547) CC159,1730,1486,1800,1245,704,1341,1300,1362,1417,1307,956,549,454,1600,1583,1388,1622,1316,673,1661,1622,1571,1672,1556,1261,657,1542,1626,1391,1591,1576,41559
,(002) MASIVO CAPITAL,(1548) GG525,(1548) GG525,1561,1679,1679,1213,731,1552,1628,1317,1086,1252,971,734,764,1617,1857,1716,1499,1071,809,1852,1902,1616,1582,1562,1289,754,1703,1766,1727,1964,1689,44142
,(002) MASIVO CAPITAL,(1559) FL416,(1559) FL416,4060,3988,4269,4161,2111,3787,3996,3920,3807,3389,3880,1863,1573,4957,5150,4763,4544,4234,2218,4227,3907,4411,4469,4508,4350,1978,3678,3589,3490,3977,4615,117869
,(002) MASIVO CAPITAL,(1569) FF417,(1569) FF417,6212,6138,6259,4786,1673,5553,5585,5525,5648,5259,4144,890,1042,6072,6366,6404,6247,4681,1584,6153,6175,6280,6201,6136,4885,1571,6321,6159,6309,4612,5713,156583
,(002) MASIVO CAPITAL,(1573) BC925,(1573) BC925,1208,1253,1151,432,0,1263,1109,1056,1131,1030,414,0,0,1317,1338,1361,1238,482,0,1118,1336,1250,1169,1125,414,0,1249,1102,1302,1183,1249,28280
,(002) MASIVO CAPITAL,(1574) GK527,(1574) GK527,3129,2914,2915,1909,0,2388,2728,2629,2157,2591,1698,0,0,2881,2982,2642,2407,2005,0,2745,2988,2832,3187,2949,2119,0,2893,2860,2479,3096,2913,69036
,(002) MASIVO CAPITAL,(1617) GH529,(1617) GH529,3592,3497,3475,3002,1739,3333,3171,3202,3065,3026,2595,1583,1505,3839,3708,3682,3728,2840,1710,3314,3865,3604,3886,3816,2775,2051,3436,3524,3833,3831,4006,98233
,(002) MASIVO CAPITAL,(1618) CC160,(1618) CC160,116,134,132,15,0,102,88,119,68,104,11,0,0,107,130,146,122,27,0,129,146,126,112,94,27,0,121,99,107,139,135,2656
,(002) MASIVO CAPITAL,(1626) FF425,(1626) FF425,1064,1019,1050,0,0,932,1036,936,885,783,0,0,0,1101,1015,1070,1007,0,0,1047,1096,1060,1091,975,0,0,1000,993,1061,712,895,21828
,(002) MASIVO CAPITAL,(1642) GH530,(1642) GH530,5441,5609,5656,5464,4047,4945,5011,4958,5021,4774,4624,3112,2938,6011,5424,5461,5432,4979,4006,5304,5550,5145,5289,5748,5508,4138,5485,5591,5304,5573,5884,157432
,(002) MASIVO CAPITAL,(1646) FA426,(1646) FA426,1688,1466,1422,911,0,1335,1361,1410,1377,1157,678,0,0,1666,1606,1486,1486,819,0,1320,1541,1472,1410,1370,833,0,1570,1525,1474,891,1313,34587
,(002) MASIVO CAPITAL,(1651) GA532,(1651) GA532,4920,4683,5139,2186,1228,4241,4037,4302,4369,4179,2192,1358,1037,5136,5321,5116,4857,2519,1343,4953,4777,5084,5308,5130,2513,1462,4963,5244,4986,5514,5206,123303
,(002) MASIVO CAPITAL,(1653) GL533,(1653) GL533,5197,5224,5677,3963,3122,4927,5409,5272,5268,4942,3421,2525,2411,5533,5648,5574,5893,3802,3008,5388,6283,5449,6000,6167,3861,3350,5429,5404,5892,5476,6022,151537
,(002) MASIVO CAPITAL,(1659) FC401,(1659) FC401,7030,6876,6453,4454,3202,6100,6217,6075,5763,5924,3747,2949,2845,6677,6811,6124,6779,4599,3284,6317,6537,6648,6187,6088,4378,2950,6295,6285,6093,7164,6784,173635
,(002) MASIVO CAPITAL,(1666) GG536,(1666) GG536,1341,1345,1284,654,158,1192,1236,1233,1265,1117,578,109,156,1362,1334,1366,1295,617,159,1194,1389,1327,1336,1322,737,165,1209,1385,1359,1011,1112,31347
,(002) MASIVO CAPITAL,(1676) AG018,(1676) AG018,1101,1089,974,0,0,852,883,812,960,723,0,0,0,995,1039,1064,977,0,0,811,848,868,1037,986,0,0,855,938,952,870,901,20535
,(002) MASIVO CAPITAL,(1676) AG018/,(1676) AG018/,28,21,19,0,0,21,25,22,28,15,0,0,0,41,35,33,38,0,0,26,28,35,33,32,0,0,27,27,19,25,26,604
,(002) MASIVO CAPITAL,(1677) GK542,(1677) GK542,6744,6954,7352,4572,3106,5781,6426,6207,6342,5978,3836,2659,2797,6670,6986,6548,6531,4578,2799,6571,6454,6600,6644,6858,4638,2956,6466,6872,6468,7684,7679,178756
,(002) MASIVO CAPITAL,(1678) FH733,(1678) FH733,4296,4473,4162,3565,2362,4237,4218,4397,4626,4482,3533,1847,1686,4616,4478,5033,4993,4063,2545,4450,4675,4421,4486,4128,3803,2385,4452,4467,4537,5071,4834,125321
,(002) MASIVO CAPITAL,(1689) CB913,(1689) CB913,1570,1560,1441,655,0,1543,1420,1474,1455,1210,494,0,0,1705,1711,1676,1572,641,0,1749,1668,1817,1766,1528,668,0,1649,1802,1741,1487,1354,37356
,(005) GMOVIL,(1030) 740,(1030) 740,12639,12584,12726,9595,5978,11271,12087,12004,11160,11514,8540,5331,5083,12640,12041,12810,12354,9847,6137,11960,12401,12077,12098,12780,9333,5614,11726,12674,12264,13540,12945,335753
,(005) GMOVIL,(10305) DD212,(10305) DD212,799,870,788,761,548,754,829,706,759,743,672,466,453,908,810,789,824,652,503,721,761,712,711,747,591,508,691,723,710,798,717,22024
,(005) GMOVIL,(1031) 539,(1031) 539,8436,8262,8104,6341,2985,6929,7728,7787,7400,7758,5973,2643,2474,8610,8616,8952,8871,6200,2986,8344,8689,8568,8346,8178,6598,2986,8804,8899,8740,9057,8890,223154
,(005) GMOVIL,(1057) P500,(1057) P500,2623,2571,2731,1303,614,2647,3108,2717,2457,2318,940,674,733,3035,2793,2740,3319,1322,734,2520,2669,2711,2815,2695,1359,736,2595,3141,3002,2657,2372,68651
,(005) GMOVIL,(1062) E25,(1062) E25,6290,6625,6276,4092,2802,5053,5362,5153,5164,5198,3743,2165,2269,6171,6194,6523,6288,4123,2585,5621,6132,6127,6139,5945,4165,2551,5975,6263,6161,6288,5155,158598
,(005) GMOVIL,(1083) 402,(1083) 402,8458,8921,8384,4736,3189,6701,7141,6965,6905,6933,4326,2597,2531,8760,8733,9192,8222,4907,3047,8282,8280,8210,8209,8870,5014,3085,7839,8599,8370,8250,7329,210985
,(005) GMOVIL,(1099) 359,(1099) 359,5018,4381,4295,2316,1062,4315,3873,4265,4020,3742,1605,996,815,4126,4522,4651,4481,2269,1081,4266,4555,4836,4516,4550,2144,1032,4471,4682,4583,3829,4588,109885
,(005) GMOVIL,(1103) SE10,(1103) SE10,6707,6504,6887,4871,2358,6113,6663,6576,6142,6200,3998,2056,1652,6615,6370,6608,6404,4771,2150,6377,6353,6783,6780,6240,4276,2211,6575,6697,6825,7055,6662,172479
,(005) GMOVIL,(1137) 466,(1137) 466,6417,6342,6421,4175,2022,5629,5949,6079,5782,5604,3279,1918,1837,6321,6577,6652,6772,4014,2241,6271,6271,6313,6036,6266,4227,2249,6609,6595,6541,6778,6102,164289
,(005) GMOVIL,(1182) 614,(1182) 614,12663,12933,12549,7542,3319,12526,13046,12732,12623,12969,7329,2828,2733,12904,12520,12804,12725,7691,3151,12383,12816,13166,12686,13162,7121,3397,13075,13367,14149,12631,13666,329206
,(005) GMOVIL,(1185) SE14,(1185) SE14,8535,8425,8055,4403,3056,8411,8429,8502,8126,8158,4228,2711,2550,8636,8698,8821,8411,4286,2708,8703,9228,8416,9323,8355,4411,3087,8399,8532,8441,9151,7297,218492
,(005) GMOVIL,(1201) DD204,(1201) DD204,3263,3291,3115,2144,995,2579,2537,1958,2740,2697,1758,1000,714,3406,3198,2983,2740,1918,818,2746,3274,3015,2973,2299,2271,914,2513,2774,2984,2776,3180,75573
,(005) GMOVIL,(1202) 142,(1202) 142,3899,4180,3972,2233,1351,3219,3625,3567,3520,3192,1744,1128,944,4148,3839,3927,4059,2300,1426,3647,4047,3995,4111,3779,2230,1656,3761,4111,4016,4065,3263,98954
,(005) GMOVIL,(1208) 576,(1208) 576,1717,1973,1939,2770,1890,1896,1953,1764,1745,1730,2573,1603,1469,1906,1935,2285,1756,2972,2063,2054,2092,2005,1934,1823,3159,1832,2082,1965,2228,2136,2260,63509
,(005) GMOVIL,(1210) 577,(1210) 577,6941,7094,7072,5713,2820,6778,7131,6590,6837,6660,4865,2593,2608,7166,6601,6774,7377,5495,2613,7328,7189,7275,7307,7506,5732,2658,6891,7190,7490,7427,7117,190838
,(005) GMOVIL,(1215) 806,(1215) 806,6822,7052,6680,5116,2689,6433,6405,6646,6580,6489,4778,2779,2882,6990,6834,6558,7134,5029,2878,6070,6696,6979,6847,7437,5194,3033,6491,6508,6673,7636,6561,182899
,(005) GMOVIL,(1216) C101,(1216) C101,6300,5811,5810,2763,2614,4589,5267,4682,4446,4749,2445,2057,1615,5589,5629,5984,5552,2794,2194,5258,5636,5519,5663,5359,2571,2442,5590,5713,6129,6589,5728,143087
,(005) GMOVIL,(1300) C25,(1300) C25,3608,4097,3457,2185,916,3545,3881,3691,3322,3411,1906,966,1061,3664,3558,3756,3852,2290,1111,3494,3558,3888,3542,3635,2147,1165,3871,4068,3773,4191,4002,95611
,(005) GMOVIL,(1385) 12,(1385) 12,3420,3608,3180,1879,966,3075,3249,3103,3056,3133,1282,735,707,3313,3944,3177,3679,1711,1041,3326,3660,3299,3370,3319,1887,946,3395,3563,3549,3439,3212,85223
,(005) GMOVIL,(1407) KL307,(1407) KL307,7024,7877,8233,5567,2977,6739,7577,7196,7103,7495,4762,3180,2371,6886,7109,7642,8404,5602,3059,7508,8194,7521,6943,7970,5335,3128,7478,8541,7998,7729,6641,201789
,(005) GMOVIL,(1413) KB309,(1413) KB309,7347,7075,6398,4439,1846,6758,7301,7013,7103,6932,3998,1680,1749,7590,6685,7078,6511,4689,1610,6748,6884,6892,6781,7025,4440,1930,7148,6730,7098,6798,7256,179532
,(005) GMOVIL,(1435) 16-5,(1435) 16-5,5070,5211,5423,3910,2458,5229,5508,5311,5114,4828,3694,2362,2210,5527,5342,5202,5148,3840,2360,5133,4979,5238,5474,5483,3867,2495,5248,5633,5479,5635,4456,142867
,(005) GMOVIL,(1521) 5-4,(1521) 5-4,2025,2128,2030,1250,737,1876,2029,1771,1832,2014,1062,668,673,2074,1956,2133,1991,1074,666,1878,2173,2160,2131,1978,1170,686,1950,2018,1946,1859,2033,51971
,(005) GMOVIL,(1557) DH209,(1557) DH209,6139,6156,5986,4230,2851,5951,5840,5774,5706,5720,3877,2723,2740,5831,6236,5650,6545,4295,2742,5513,5957,6085,6153,5681,4341,3142,5649,5589,5925,5958,5361,160346
,(005) GMOVIL,(1594) DA213,(1594) DA213,3158,3200,2680,2144,1326,2916,3362,3035,2907,2796,1907,1248,1067,2977,2887,2453,3073,2070,1335,2828,2951,2979,3072,2989,2248,1312,2880,3178,2908,2879,2678,79443
,(005) GMOVIL,(1674) DH216,(1674) DH216,6424,5994,6301,3980,1295,5304,5820,5464,5383,5791,3438,1564,1299,6181,6140,6323,6538,3772,1096,5981,6167,6288,5421,6143,3768,1588,5972,5977,6031,6249,5998,153690
,(005) GMOVIL,(1686) BD237,(1686) BD237,10488,10166,10703,6932,4108,9788,10060,9770,9400,9501,5828,3579,3249,10738,10762,10337,11322,7413,4220,10263,10633,10632,10267,9800,7049,4465,9647,10704,10636,11764,9996,274220
,(005) GMOVIL,(1694) DL219,(1694) DL219,12180,12707,12513,8183,5134,11694,12297,12401,11799,12018,7298,4329,3752,12979,13397,13732,13812,8814,5005,12463,12857,13132,13174,13981,8250,5018,12810,14220,12201,13459,12805,338414
,(005) GMOVIL,(1695) DA218,(1695) DA218,3955,3995,4098,2688,1741,3452,3737,3653,3401,3475,2357,1625,1111,4206,4346,4244,3994,2758,1885,4243,4285,4189,4367,4003,2763,1858,4121,4135,4250,4399,3740,107074
,(007) ETIB,(1019) GK505,(1019) GK505,3077,3039,2849,2142,750,2894,2835,2781,2797,2700,1993,935,766,2979,3069,3095,3304,2067,833,3158,3184,3231,3048,2665,2107,932,3224,3025,3345,3673,3177,79674
,(007) ETIB,(1020) 544A,(1020) 544A,3803,4130,4043,2639,1174,4198,3737,3218,3718,3523,2346,1040,1031,3669,3464,3967,3798,2767,1101,3423,4018,3452,3481,3412,2572,1099,4335,4164,3680,4522,4258,99782
,(007) ETIB,(1021) C15,(1021) C15,7533,7201,7643,5531,2861,7041,6783,7287,6954,6948,4102,2310,2023,7185,7821,6795,7482,5105,2777,7686,7140,7218,7118,7260,5005,2815,8080,7275,7442,8317,7417,194155
,(007) ETIB,(1022) 599,(1022) 599,7756,7606,8023,5712,4053,7833,7900,7459,7300,7101,4572,3280,2726,7243,7557,7561,7653,5223,3879,7612,7512,7985,7444,7954,5424,3869,7530,7665,7392,8831,7645,207300
,(007) ETIB,(1023) C29,(1023) C29,3298,3260,3587,2578,1580,3071,3060,2856,2746,2804,2244,1336,1268,2810,2979,2916,3150,2664,1374,3284,3299,3429,2824,3082,2725,1631,3432,3405,3406,3721,3425,87244
,(007) ETIB,(1024) 120,(1024) 120,4917,5744,5262,3711,1755,5207,4865,5162,5110,5093,3371,1498,1359,4815,4920,5127,5593,3916,1642,5010,5316,5185,4935,4719,4066,1578,5335,5015,5410,5630,5054,136320
,(007) ETIB,(1025) 94,(1025) 94,13573,13122,13347,10984,7395,12681,13413,13794,12998,12988,10300,6675,6410,12964,14019,15610,15457,11185,7449,12731,13544,13700,13124,14249,11532,7155,13871,13248,13505,15005,16025,382053
,(007) ETIB,(1034) 117,(1034) 117,8205,8414,8559,6618,3267,7445,7592,7803,7712,7430,5596,2956,2894,8303,8844,8942,8354,6308,3044,8536,8226,8231,8489,8563,6227,3238,8322,8100,7755,9759,8362,222094
,(007) ETIB,(1036) GA518,(1036) GA518,3884,3706,4118,2753,1521,3721,3715,3798,3593,3679,2401,1544,1405,3703,3674,3527,3670,2611,1403,3758,3655,3799,3970,3715,2739,1386,3019,2996,3509,3385,3468,97825
,(007) ETIB,(1037) 607A,(1037) 607A,4024,4125,3795,2767,1529,3868,3923,3962,3847,3956,2583,1547,1560,3670,3788,3640,3567,2703,1619,3809,3854,4140,4137,3560,2858,1655,3904,3798,3710,3953,4252,104103
,(007) ETIB,(1038) GL517,(1038) GL517,8959,9025,8944,6964,3890,7652,8311,7873,7827,7896,6483,3381,3075,9458,9426,9342,9387,7096,3964,8428,8737,8733,8844,8195,7339,4092,8823,9496,8368,9102,8494,237604
,(007) ETIB,(1040) 787A,(1040) 787A,3593,3495,3365,2603,1612,3114,3788,3500,3358,3379,2679,1493,1350,3375,3346,3495,3714,2841,1647,3673,3282,3797,3698,3347,2943,1835,3515,3634,3812,3932,3413,96628
,(007) ETIB,(1041) C701,(1041) C701,9779,8865,8825,7225,4362,8670,9373,8907,8922,9028,6142,4208,3895,9278,9707,9189,9350,6677,4182,8794,9729,9003,9713,9321,6684,4179,9951,9594,10080,9607,10583,253822
,(007) ETIB,(1042) GA503,(1042) GA503,3482,3560,3452,2934,1508,3175,3278,2923,3089,2719,2389,1420,1296,3533,3481,3494,3329,2609,1472,3360,3067,3256,3244,3480,2924,1548,0,0,0,0,0,74022
,(007) ETIB,(10649) GH543,(10649) GH543,1430,1497,1429,760,247,1334,1322,1271,1259,1341,630,222,254,1411,1448,1503,1460,722,218,1411,1498,1615,1552,1468,734,309,1545,1560,1495,1247,1452,35644
,(007) ETIB,(1076) 12-1,(1076) 12-1,2643,2508,2656,1741,929,2388,2432,2451,2473,2346,1603,866,946,2673,2776,2764,2597,1730,848,2688,2758,2632,2581,2582,1768,891,2561,2655,2727,1777,2498,67488
,(007) ETIB,(1079) 10-6,(1079) 10-6,3473,3494,3668,2804,1570,3268,3326,3407,3364,3399,2482,1374,1361,3483,3556,3684,3569,2660,1362,3324,3387,3571,3518,3515,2620,1507,3369,3627,3585,2248,3400,92975
,(007) ETIB,(1080) T40,(1080) T40,8198,8293,8164,3443,1637,7386,6883,7396,7338,6817,2989,1961,1435,8266,7696,8176,8390,3428,1848,8034,8031,8391,8019,7469,3608,1624,7981,7699,7395,7888,7736,193619
,(007) ETIB,(1085) 192,(1085) 192,6054,5980,6130,3973,1664,4738,5313,4953,5034,5223,3786,1597,1402,6271,6224,6072,6621,4002,1611,5766,6474,6412,6398,5960,3707,1795,5878,5852,5792,6420,6498,153600
,(007) ETIB,(1086) C1,(1086) C1,3862,3451,3182,2306,931,3420,3574,3069,3463,3173,2134,884,758,3661,3401,3584,3889,2329,915,3501,3767,3627,3393,3453,2065,988,3527,3818,3591,4716,4049,92481
,(007) ETIB,(1089) GA506,(1089) GA506,2066,1742,2072,1416,622,1822,1912,1908,1760,1700,1250,555,486,2216,2102,1978,1989,1219,747,2148,1901,1949,1780,1985,1248,657,2003,1948,1829,2305,2020,51335
,(007) ETIB,(1090) TC14,(1090) TC14,3032,3007,2918,1691,608,2671,2941,2826,2778,2822,1401,599,617,3088,3000,2977,3087,1710,666,2994,3032,3108,3037,3018,1631,766,2919,3038,3034,1228,2802,73046
,(007) ETIB,(1094) HA600,(1094) HA600,4285,4327,4753,2415,1730,4115,3997,3981,3789,3743,2380,1352,1153,4686,3460,3980,4112,2178,1454,4381,4371,4423,3939,4416,2418,1826,4480,4572,3851,4164,4276,109007
,(007) ETIB,(1104) HF603,(1104) HF603,3747,4082,3803,3260,1863,3369,3416,3117,3139,2759,2806,1427,1623,3493,3554,3286,3840,3346,1886,3588,4059,3761,3806,3783,3487,1859,3501,3800,3466,4105,3809,100840
,(007) ETIB,(1173) HA611,(1173) HA611,5237,5006,4980,3665,2327,5272,5393,4568,5274,5072,3676,1706,1648,5601,5515,4903,5495,3786,1879,5520,5602,5545,5164,4938,3283,2115,4982,5437,4834,6210,4677,139310
,(007) ETIB,(1256) 97,(1256) 97,3539,3621,3882,2383,744,3501,3654,3523,3368,2958,1836,701,535,3278,3410,3943,3837,2261,785,3645,3579,3665,3570,3104,2352,668,3582,4002,3872,3292,3107,90197
,(007) ETIB,(1317) GG514,(1317) GG514,4432,4408,4472,2987,1709,3954,4085,3995,3957,3985,2846,1558,1618,4255,4209,4316,4211,3241,1694,4104,4215,4090,3996,4037,2976,1683,4219,4383,4206,3108,4267,111216
,(007) ETIB,(1329) 91,(1329) 91,3278,3106,3001,2276,1085,3104,3004,2939,3104,2920,2132,1385,1193,3076,3250,3218,3377,1914,1284,2984,3116,3321,3064,3233,2334,1196,2756,3053,2948,3994,3099,83744
,(007) ETIB,(1332) 99,(1332) 99,6153,6533,6250,3569,1976,4993,5400,5458,4795,5537,3407,1915,1750,5357,5473,5570,5845,3241,2010,5248,5749,5639,5249,5431,3517,2076,5077,4833,4978,6243,5184,144456
,(007) ETIB,(1333) GA501,(1333) GA501,3790,3811,3817,2884,1535,3371,3165,3280,3239,3174,2650,1917,1296,3485,3911,3721,3536,2951,1523,3712,3119,3466,3315,3841,2697,1601,3594,3374,3132,3734,3620,96261
,(007) ETIB,(1334) 634-,(1334) 634-,7887,8106,7937,6097,4370,7395,7297,7045,6673,6551,4760,3519,2980,6286,6850,7862,8134,4771,3772,6738,7643,7723,7137,7161,5218,3738,7128,7305,7262,8640,7763,201748
,(007) ETIB,(1335) 731,(1335) 731,8697,8703,8610,5512,2933,8778,8423,8629,8061,8440,5001,2068,1985,7625,7925,8534,8061,5325,2980,8351,8534,7894,7988,7876,5053,2959,7556,8868,7369,9439,8851,217028
,(007) ETIB,(1336) 580,(1336) 580,9032,8894,8578,6465,3468,8398,7822,7669,7621,7761,6075,3502,2881,8326,7985,8440,9066,6316,3267,8792,8527,9326,8177,8291,6408,3412,7785,8649,8453,8948,9087,227421
,(007) ETIB,(1337) GK502,(1337) GK502,2491,2477,2399,1760,1265,2474,2443,2418,2610,2262,1675,1150,1036,2518,2520,2514,2552,2113,1141,2286,2508,2451,2596,2511,2113,1191,2338,2380,2189,2488,2555,67424
,(007) ETIB,(1349) 56A,(1349) 56A,3858,3823,3456,2343,901,3356,3504,3497,3397,3145,1955,881,757,3579,3543,4014,3874,1964,1107,4056,3677,3437,3324,3422,2200,1025,3698,3874,3740,4028,3647,93082
,(007) ETIB,(1356) E16A,(1356) E16A,7695,7498,7916,6059,3280,6856,7758,7339,7079,7452,4886,2928,2732,6697,6623,6895,7245,5630,3159,7352,7630,7239,7275,7892,5550,3146,7149,7337,7507,8454,8988,201246
,(007) ETIB,(1358) 927,(1358) 927,7420,7468,7176,5400,3605,7104,7404,7244,7028,7179,5041,3272,3385,6222,6731,7237,7949,5059,3498,6958,7314,7291,7163,7102,5323,3554,7089,7048,7444,8066,7280,197054
,(007) ETIB,(1359) C80,(1359) C80,4823,4750,4656,3095,1848,4299,4149,4494,4155,4214,2858,1642,1308,3807,4891,5169,4872,3178,1941,4878,4764,4599,4340,4298,3190,2075,4910,5148,4686,4980,4654,122671
,(007) ETIB,(1380) 367,(1380) 367,4298,4503,4460,3429,1762,4344,4522,4344,4285,4288,2792,1606,1463,4310,4301,4040,4520,3057,1588,4217,4353,4171,4395,4238,3027,1666,0,0,0,0,0,93979
,(007) ETIB,(1382) P24,(1382) P24,9239,9460,8343,6148,3851,8102,8688,8274,7936,7859,5399,3269,2815,9005,8821,9032,8936,6258,3688,8410,7866,8595,8266,8568,6102,3565,8660,8087,8343,9167,8549,229301
,(007) ETIB,(1412) GL519,(1412) GL519,4247,4353,4896,3147,1527,4750,4210,4563,4925,4785,2916,1583,878,4319,4544,4043,4806,3119,1417,4439,4512,4387,4526,4344,3408,1631,4352,4278,4308,5140,4847,119200
,(007) ETIB,(1465) GH521,(1465) GH521,6930,7166,6692,5739,4520,7428,7276,7845,7664,6987,5606,3981,3740,6824,6936,6518,7293,6067,4341,6867,7238,6938,6872,7226,6140,4593,7501,7229,7583,7658,7355,202753
,(007) ETIB,(1549) GG524,(1549) GG524,4515,4587,4635,3350,2584,4160,4377,4455,4550,4303,3105,2732,2500,5043,4435,4503,4789,3407,2817,4499,4564,4759,4213,4444,3343,2620,4771,4762,4784,3510,5287,126403
,(007) ETIB,(1558) HH604,(1558) HH604,2520,2180,2374,1795,954,2270,2177,2211,2167,1980,1514,758,809,2566,2583,2418,2447,1590,944,2210,2323,2435,2335,2415,1710,871,2360,2410,2452,1994,2482,62254
,(007) ETIB,(1576) G528,(1576) G528,2078,1956,1969,1014,0,1805,1792,1820,1880,1778,960,0,0,2119,2001,2145,2010,1102,0,2056,2102,2155,2025,1982,1131,0,2097,2129,2140,1833,2012,48091
,(007) ETIB,(1634) H640-H641,(1634) H640-H641,3509,3439,3335,2260,874,3059,3188,3187,3153,3227,2205,755,804,3404,3468,3508,3580,2327,861,3365,3452,3484,3465,3452,2248,914,3410,3285,3515,2295,3407,86435
,(007) ETIB,(1637) HA642,(1637) HA642,2089,2261,2209,1266,463,2067,1938,2084,1916,1745,940,413,392,1802,1929,2363,2400,1251,567,2192,2204,2342,2247,1917,1181,511,2240,2061,2301,1987,1870,53148
,(007) ETIB,(1654) HA620,(1654) HA620,4513,4755,4450,2879,1445,4200,4053,3815,3711,3868,2669,1501,1302,4447,4581,4332,4410,3173,1600,4573,4448,4851,4722,4456,3197,1577,4401,4295,4392,5067,4488,116171
,(007) ETIB,(1661) 10-2 BOSA CENTRO,(1661) 10-2 BOSA CENTRO,0,0,0,3,0,4,0,0,1,3,0,0,1,0,0,0,4,0,0,0,0,0,0,0,0,0,0,0,0,0,0,16
,(007) ETIB,(1669) GA537,(1669) GA537,2942,3133,3216,1953,1099,2845,2852,2854,3101,2683,1909,1019,935,3036,3028,3136,3147,2350,1140,2884,3131,3160,3058,2864,2301,1320,2900,2629,3066,3248,2969,79908
,(007) ETIB,(1670) HH622,(1670) HH622,2172,2372,2112,1587,805,2006,1934,2138,1952,1857,1187,618,628,2341,2458,2121,2159,1437,783,2108,2083,2350,2142,2410,1475,788,2180,2174,2171,2314,2215,57077
,(007) ETIB,(1672) GA538,(1672) GA538,3706,4016,4081,2234,1141,3759,4229,3880,4026,3922,1826,1184,1075,3909,4227,4105,4332,2248,1163,4251,4467,4158,4066,4011,2493,1458,4409,4480,4438,4550,4595,106439
,(007) ETIB,(1673) GA541,(1673) GA541,4076,4510,4139,2467,908,3912,4169,3980,4182,3800,2053,634,644,3997,3974,4137,3750,2447,822,3769,4360,4055,4065,3863,2254,1041,4207,3947,4293,4473,4081,103009
,(007) ETIB,(1675) GA516,(1675) GA516,2449,2455,2267,1343,613,1980,2456,1911,2321,2228,1085,456,406,2157,2603,2626,2640,1343,546,2176,2536,2463,2172,2385,1270,564,2223,2305,2190,2710,1902,58781
,(007) ETIB,(1679) HL602,(1679) HL602,7760,7207,7610,5788,2824,6337,6783,7128,6653,6419,4845,2286,2389,7926,8566,8072,8619,5221,2706,7859,7335,7357,6640,7631,5666,2776,7893,8282,8012,8173,7686,200449
,(007) ETIB,(1688) GA535,(1688) GA535,7086,6884,7175,5424,2702,6370,6775,6830,6488,7134,5452,3244,2860,6294,7246,7243,7749,5279,2924,6674,7118,6950,6499,6989,5496,2753,6643,6726,6789,8276,8193,190265
,(007) ETIB,(1703) GA567,(1703) GA567,0,0,0,0,0,0,0,0,0,0,0,0,0,0,0,0,0,0,0,0,0,0,0,0,0,0,3230,3848,4131,4620,4194,20023
,(007) ETIB,(1704) GH545,(1704) GH545,0,0,0,0,0,0,0,0,0,0,0,0,0,0,0,0,0,0,0,0,0,0,0,0,0,0,505,601,734,609,738,3187
,(008) SUMA,(10242) HH639,(10242) HH639,2304,2270,2311,1438,925,1777,1956,2010,2183,1970,1281,670,774,2274,2350,2145,2285,1518,764,2101,2246,2220,2072,2307,1705,916,2144,1993,2219,2464,2446,58038
,(008) SUMA,(1045) HA606,(1045) HA606,6455,6011,6427,4923,3014,4746,5174,5031,4906,4868,3640,1896,2114,5463,5718,5663,5637,4861,2669,5934,6268,6350,6325,6435,4478,2481,5788,6345,6465,6939,6416,159440
,(008) SUMA,(1078) HD607,(1078) HD607,4909,4787,4708,4656,3310,4012,4140,3921,3752,4298,3478,2127,2125,4049,4005,3984,4277,4964,2774,4671,4549,4993,4598,4488,4181,2829,4452,4764,4567,5305,4672,128345
,(008) SUMA,(1096) P44,(1096) P44,3786,3973,3543,4459,3325,3567,3501,3594,3814,3650,3175,2498,2710,4994,4502,4614,4406,4032,3048,4039,3672,4149,4321,3858,4067,3241,3521,3723,4013,3408,4021,117224
,(008) SUMA,(1100) 260,(1100) 260,5946,6343,6369,5795,4308,5242,6204,5348,5203,5496,5013,3830,4006,5224,5612,5388,5950,6003,4344,6028,6465,5887,5922,6155,5709,4199,6172,6100,6429,6285,5723,172698
,(008) SUMA,(1105) HB608,(1105) HB608,7288,7440,6689,6662,3750,5746,5880,5792,5207,5753,5259,3442,3239,6216,5717,6321,6803,6766,3678,7876,7081,7920,7362,6910,6541,3885,7156,7411,7870,7273,7053,191986
,(008) SUMA,(1108) HA610,(1108) HA610,5932,5765,6367,5050,3806,7241,6982,7258,7136,7144,4512,3236,2962,7201,7782,6996,7139,4517,3346,5112,5337,5521,5601,5059,4488,3092,5683,5804,5291,6667,5386,173413
,(008) SUMA,(1138) T11,(1138) T11,15009,15780,14641,9000,4683,13509,12883,12501,13628,13775,8261,4922,4649,15220,14742,13122,14589,8911,4840,15619,13656,14632,13889,15312,8768,4758,13819,14074,14532,12716,14317,370757
,(008) SUMA,(1140) 742A,(1140) 742A,5193,4785,5119,5617,3669,6694,6513,6941,6703,7412,5470,3273,3303,6131,7034,6114,6996,5292,3301,5046,4983,4954,4765,5550,4251,3083,5215,5259,5697,5783,5619,165765
,(008) SUMA,(1142) T12,(1142) T12,8970,8567,9470,6312,3629,7896,7595,8178,7763,7815,4965,2877,2383,9295,9432,9806,9262,6669,3779,8503,8949,8693,8761,8498,6312,3465,8155,8933,9241,8844,8408,231425
,(008) SUMA,(1143) HC612,(1143) HC612,8578,8675,8204,7380,5956,6918,7083,6624,6664,7414,6468,5145,5216,9282,9089,8363,8891,7890,6261,8569,8146,8910,8644,8544,6614,5934,8571,9779,8462,9228,9658,241160
,(008) SUMA,(1151) 6-3,(1151) 6-3,2612,2865,3026,2189,1219,2171,2495,2194,2210,2466,1762,1093,989,2148,2519,2215,2543,1994,1158,2389,2331,2544,2719,2428,1944,1099,2405,2598,2609,2653,2599,68186
,(008) SUMA,(1163) 796A,(1163) 796A,5288,5318,5063,4766,2985,4130,3984,4279,4049,3969,3741,2341,2439,4183,4054,4482,4349,4399,2932,4879,5087,4760,5036,5109,4614,2801,4783,4608,4588,4673,4698,132387
,(008) SUMA,(1185) SE14,(1185) SE14,5839,5498,5383,4513,2701,5278,5133,5262,5378,5103,4496,2601,2295,5160,5126,4824,4938,4266,2363,4558,4338,5398,3918,5852,4652,2741,5321,5161,5783,5787,5607,145273
,(008) SUMA,(1186) 143,(1186) 143,3396,3254,3036,2003,1064,3111,2928,2967,2934,3101,2095,799,900,3355,2867,3197,3159,1945,903,2878,3092,2934,3057,3394,2104,970,3110,3202,3027,3573,3523,81878
,(008) SUMA,(1198) 624,(1198) 624,2976,2808,2748,3106,2040,3724,3620,3404,3361,3467,3201,2029,1696,3425,3667,3652,3507,2999,2180,3019,2790,3199,3054,2848,2649,1939,2949,3278,3558,3071,3368,93332
,(008) SUMA,(1199) 6-18,(1199) 6-18,1387,1503,1616,1131,898,1541,1632,1564,1677,1536,1025,753,670,1757,1893,1748,1669,1057,805,1593,1522,1407,1428,1385,1080,945,1307,1556,1337,1442,1448,42312
,(008) SUMA,(1200) P39,(1200) P39,4155,4125,4130,4310,2337,4442,4932,4961,4965,5140,3872,2026,1739,4443,4862,4817,5172,3988,2031,4051,4465,4221,4746,4167,4080,1912,4498,4600,4449,4376,4647,126659
,(008) SUMA,(1212) 10-11,(1212) 10-11,324,307,311,137,0,195,181,189,215,213,147,0,0,208,204,207,178,162,0,295,304,332,300,290,193,0,326,329,289,290,223,6349
,(008) SUMA,(1230) 10-12,(1230) 10-12,377,497,436,272,160,279,288,347,275,306,213,141,149,299,320,307,316,169,162,381,420,446,449,349,342,163,357,410,383,352,354,9719
,(008) SUMA,(1246) HB609,(1246) HB609,3890,4126,3764,4152,2849,3386,3204,3302,2893,2933,3151,2505,2684,3717,3747,3640,3881,3803,2894,4166,4019,4082,3966,3777,4001,3080,3909,3802,4039,4238,4159,111759
,(008) SUMA,(1458) H625,(1458) H625,2662,2634,2670,1962,1067,2385,2480,2512,2566,2515,1762,852,840,2655,2678,2761,2527,1972,1014,2255,2527,2507,2373,2544,1800,894,2132,2551,2376,2415,2517,67405
,(008) SUMA,(1518) 7-2,(1518) 7-2,4914,5016,4914,2845,1188,4429,4391,4561,4495,4213,2495,1047,1025,4932,5123,4856,4667,2881,1000,4878,5067,5103,4972,4501,2884,1078,4738,4996,4933,4608,4736,121486
,(008) SUMA,(1519) 7-3,(1519) 7-3,1140,1162,1134,837,398,1096,1068,1109,1060,963,695,357,367,1166,1103,1177,1041,766,432,1156,1113,1131,1090,1189,743,451,1046,1111,1131,1153,1169,29554
,(008) SUMA,(1520) HB631,(1520) HB631,11590,10234,10787,7258,0,12557,12197,12571,12395,11412,6624,0,0,12374,12003,11610,11372,6640,0,10211,9650,10906,10789,10168,5970,0,9673,11268,10770,10027,10996,272052
,(008) SUMA,(1568) HA633,(1568) HA633,1122,1022,859,940,703,989,1075,1005,984,1083,1051,615,593,1110,1091,979,1060,1088,682,973,1114,974,1089,1117,1160,697,1097,1132,1239,1136,1199,30978
,(008) SUMA,(1615) HA605,(1615) HA605,9934,9582,10098,7220,4704,8369,8506,8686,8748,8353,6794,3977,4030,9991,9584,9655,10428,7988,5032,9533,9794,8968,9400,9534,7592,4995,9315,9258,9121,9238,9472,257899
,(008) SUMA,(1621) H638,(1621) H638,533,569,537,0,0,0,0,0,0,0,0,0,0,0,0,0,0,0,0,433,439,556,478,555,0,0,430,480,434,497,474,6415
,(008) SUMA,(1627) HF615,(1627) HF615,2273,2480,2393,2376,1398,1640,2006,1848,2004,1905,1913,1311,1105,2083,2032,2138,2018,2414,1537,2740,2953,2670,3035,3037,2222,1401,2608,2743,2509,2488,3129,68409
,(008) SUMA,(1665) HK627,(1665) HK627,3149,2834,2875,3064,1893,3962,4263,3879,3975,3911,2639,1788,1414,3672,3976,3868,3885,2935,1862,3160,3032,2832,3007,3229,3029,1837,3286,3316,3175,3790,3337,96874
,(008) SUMA,(1685) HA643,(1685) HA643,2281,1938,2108,1860,1003,1591,1991,1679,1837,1822,1629,870,903,1640,1682,1671,1803,1698,1182,1626,1712,2019,1807,1804,1710,1066,1806,2257,1872,2047,2002,52916
,(008) SUMA,(1691) AB020,(1691) AB020,861,676,608,0,0,343,341,285,380,385,0,0,0,779,756,778,726,0,0,720,683,832,822,642,0,0,679,827,923,633,640,14319
,(015) E-SOMOS ALIMENTACION,(10148) 3-2 Santa Librada,(10148) 3-2 Santa Librada,208,288,237,220,74,276,234,215,262,188,108,74,65,287,273,252,253,170,107,202,277,298,281,211,149,92,234,220,206,235,191,6387
,(015) E-SOMOS ALIMENTACION,(10149) 3-3 Chuniza,(10149) 3-3 Chuniza,187,211,187,147,50,211,207,165,149,191,157,73,66,180,165,211,176,138,72,198,210,189,174,147,152,73,195,204,166,146,134,4931
,(015) E-SOMOS ALIMENTACION,(10150) 3-11 La Fiscala,(10150) 3-11 La Fiscala,46,59,62,37,28,65,82,80,65,57,54,29,36,66,64,71,79,40,18,85,71,56,67,64,39,22,69,51,64,73,68,1767
,(015) E-SOMOS ALIMENTACION,(10151) 3-4 Alfonso López,(10151) 3-4 Alfonso López,91,69,68,62,42,69,62,87,112,72,51,38,43,70,68,81,80,53,34,74,77,92,72,63,71,43,85,59,90,54,70,2102
,(015) E-SOMOS ALIMENTACION,(10152) 3-5 Usminia,(10152) 3-5 Usminia,104,86,95,62,55,122,138,79,119,103,74,47,48,99,83,83,113,49,54,86,89,83,107,90,55,43,80,121,95,83,80,2625
,(015) E-SOMOS ALIMENTACION,(10154) 3-10 Usme Centro,(10154) 3-10 Usme Centro,114,164,139,83,89,118,132,166,114,136,86,86,54,145,131,139,134,94,97,133,141,109,110,128,77,66,123,146,140,149,101,3644
,(015) E-SOMOS ALIMENTACION,(10155) 3-8 Virrey,(10155) 3-8 Virrey,161,169,193,91,63,145,188,189,151,188,89,69,70,199,154,188,194,98,54,217,149,186,144,149,96,59,175,149,184,152,158,4471
,(015) E-SOMOS ALIMENTACION,(10157) 3-12 La Esperanza Sur,(10157) 3-12 La Esperanza Sur,54,59,95,52,0,66,60,59,86,83,53,0,0,68,58,55,64,37,0,58,64,63,62,95,45,0,60,63,58,55,56,1628
,(015) E-SOMOS ALIMENTACION,(10158) 3-14 El Uval,(10158) 3-14 El Uval,65,39,54,89,3,47,40,83,49,45,51,0,1,48,59,55,54,77,1,62,75,50,59,41,65,2,59,58,47,40,58,1476
,(015) E-SOMOS ALIMENTACION,(10159) 4-1 Bochica,(10159) 4-1 Bochica,30,30,29,37,25,41,23,39,29,22,20,22,24,35,26,20,31,27,21,37,22,24,25,18,24,10,19,30,48,28,27,843
,(015) E-SOMOS ALIMENTACION,(10160) 3-9_Marichuela,(10160) 3-9_Marichuela,139,133,144,105,45,141,147,151,154,144,104,65,76,142,140,131,147,109,71,136,153,135,135,117,100,59,150,144,124,139,132,3812
,(015) E-SOMOS ALIMENTACION,(10161) 4-2 Diana Turbay,(10161) 4-2 Diana Turbay,20,13,17,12,8,12,23,16,23,16,14,6,12,22,18,17,25,21,9,21,21,20,22,14,14,7,16,19,20,18,32,528
,(015) E-SOMOS ALIMENTACION,(10163) 4-3 Molinos,(10163) 4-3 Molinos,25,13,18,15,15,21,13,23,22,18,8,7,3,22,19,13,28,10,13,22,12,14,23,10,12,12,20,20,13,22,13,499
,(015) E-SOMOS ALIMENTACION,(10166) 3-13 Nebraska,(10166) 3-13 Nebraska,26,16,27,8,10,20,27,20,26,36,12,10,11,29,32,24,30,12,4,20,20,29,20,20,15,8,23,39,20,24,14,632
,(015) E-SOMOS ALIMENTACION,(10168) 7-1 Uribe Uribe,(10168) 7-1 Uribe Uribe,107,72,84,41,56,101,93,86,87,89,50,59,94,73,83,84,86,78,47,109,76,93,72,74,61,57,56,80,91,85,72,2396
,(015) E-SOMOS ALIMENTACION,(10598) HH728 Danubio,(10598) HH728 Danubio,108,83,93,78,64,77,85,81,81,90,40,60,37,64,90,112,94,58,48,114,105,111,140,66,59,52,119,89,95,58,71,2522
,(015) E-SOMOS ALIMENTACION,(10622) HH729 La Aurora,(10622) HH729 La Aurora,15,9,11,0,0,6,10,9,3,11,0,0,0,12,10,8,13,0,0,13,12,22,5,8,0,0,10,13,11,12,8,231
,(015) E-SOMOS ALIMENTACION,(10657) HH735,(10657) HH735,72,80,70,0,1,83,76,64,79,85,0,0,0,57,72,79,66,0,1,64,83,85,65,64,0,0,74,80,81,73,70,1624
,(016) GRAN AMERICAS FONTIBON,(10001) 17-3 Modelia,(10001) 17-3 Modelia,3113,2996,2972,1188,0,2872,2516,2920,2788,2410,974,0,0,3063,3116,3145,2855,1229,0,3113,3164,3232,3198,3009,1305,0,3066,3216,3128,3032,2904,70524
,(016) GRAN AMERICAS FONTIBON,(10134) 16-7 La Estancia,(10134) 16-7 La Estancia,4066,3873,3742,2946,1748,3842,4120,3963,3819,3530,2447,1542,1529,3807,3876,4040,4011,2777,1677,3913,3836,3941,3921,4041,2557,1676,3763,4035,4099,3793,4363,105293
,(016) GRAN AMERICAS FONTIBON,(10135) 16-8 Zona Franca,(10135) 16-8 Zona Franca,4291,4099,4466,2642,1260,4078,3996,4126,3837,3652,2327,1323,1108,4381,4404,4359,4195,2506,1275,4180,4445,4393,4544,4362,2571,1290,4190,4241,4541,4166,4640,109888
,(016) GRAN AMERICAS FONTIBON,(10136) 16-9 Fontibón Centro,(10136) 16-9 Fontibón Centro,1460,1498,1431,937,501,1281,1240,1288,1298,1110,847,538,474,1492,1398,1305,1381,852,548,1376,1431,1435,1362,1296,910,612,1430,1478,1366,1284,1461,36320
,(016) GRAN AMERICAS FONTIBON,(10137) 16-10 Villemar,(10137) 16-10 Villemar,2402,2517,2232,1477,823,2247,2285,2280,2411,1960,1341,782,648,2562,2614,2496,2436,1457,774,2399,2558,2392,2686,2414,1547,811,2519,2694,2513,2422,2254,62953
,(016) GRAN AMERICAS FONTIBON,(10138) 16-12 Belén,(10138) 16-12 Belén,1862,1929,1818,1217,0,1758,1687,1871,1859,1661,1229,0,0,2068,2097,1882,1904,1315,0,1781,2094,1936,1994,1968,1394,0,1945,1919,1838,1682,1903,46611
,(016) GRAN AMERICAS FONTIBON,(10139) TC6 San Pablo Jericó,(10139) TC6 San Pablo Jericó,3760,3923,3609,2377,1238,3536,3563,3444,3366,2656,2086,1183,1175,3528,3485,3795,3806,2395,1279,3644,3974,3827,3844,3864,2353,1267,3491,3936,3946,3812,3753,95915
,(016) GRAN AMERICAS FONTIBON,(10140) K300 Puente Grande,(10140) K300 Puente Grande,3717,3741,3686,2403,0,3437,3397,3373,3385,2862,2062,0,0,3848,3691,3743,3825,2219,0,3762,3647,3554,3498,3634,2116,0,3531,3466,3686,3580,3986,87849
,(016) GRAN AMERICAS FONTIBON,(10141) K301 La Felicidad,(10141) K301 La Felicidad,2671,2723,2463,1344,0,2614,2476,2576,2398,2239,1094,0,0,2780,2758,2552,2546,1341,0,2812,2907,2742,2883,2716,1293,0,2727,2779,2867,2493,2744,63538
,(016) GRAN AMERICAS FONTIBON,(10142) KF333 Ciudad Alsacia,(10142) KF333 Ciudad Alsacia,2040,2023,1949,0,0,1843,1878,1880,1739,1652,0,0,0,2000,2073,2014,1818,0,0,1937,2026,2015,2055,1909,0,0,2041,2124,2051,1802,1880,42749
,(017) E-SOMOS FONTIBON,(10020) KA302,(10020) KA302,9250,9426,9746,5500,4031,7838,8391,7902,7690,8306,5452,3599,3211,9051,9734,9248,10120,6112,4010,9213,9401,9050,8912,10428,5983,4153,9363,9175,10074,9827,10379,244575
,(017) E-SOMOS FONTIBON,(10028) KL304,(10028) KL304,7419,6607,7606,3890,2475,7066,6981,7253,6822,7141,3793,1801,1690,7639,7665,8069,8433,4582,2413,7316,7044,7138,7263,7282,3975,2053,6937,7565,7453,7254,7999,188624
,(017) E-SOMOS FONTIBON,(10029) KB303,(10029) KB303,12849,11953,10962,7363,3794,10723,11687,10991,10293,10789,5766,3449,3024,12771,12478,13283,13087,6920,3869,11483,12215,11504,12084,11393,7059,3922,12176,13075,12173,13373,12021,308529
,(017) E-SOMOS FONTIBON,(10030) KA305,(10030) KA305,8018,7638,7316,5451,4028,6701,7421,6922,6694,7000,4108,3245,2501,7681,7214,7662,8265,5281,3734,7647,7790,7488,7738,7838,4763,3709,7498,7626,8131,7791,8040,202939
,(017) E-SOMOS FONTIBON,(10032) KA334,(10032) KA334,6175,5967,5924,3616,2048,5366,5295,5517,5270,5324,2829,1692,1537,6748,6647,6506,6431,3602,1908,5980,6483,6477,6320,6425,3731,2104,6089,6267,5875,6332,6671,157156
,(017) E-SOMOS FONTIBON,(10665) AF019,(10665) AF019,368,448,328,0,0,243,296,328,410,266,0,0,0,282,343,310,265,0,0,295,482,396,407,313,0,0,231,506,192,476,336,7521
,(017) E-SOMOS FONTIBON,(10675) Unicentro,(10675) Unicentro,0,0,0,0,0,0,80,0,0,0,0,0,0,0,0,0,0,0,0,0,0,0,0,0,0,0,0,0,0,0,0,80
,(017) E-SOMOS FONTIBON,(10676) Septimazo,(10676) Septimazo,0,0,0,0,0,0,156,0,0,0,0,0,0,0,0,0,0,0,0,0,0,0,0,0,0,0,0,0,0,0,0,156
,(017) E-SOMOS FONTIBON,(10677) 1 de mayo,(10677) 1 de mayo,0,0,0,0,0,0,243,0,0,0,0,0,0,0,0,0,0,0,0,0,0,0,0,0,0,0,0,0,0,0,0,243
,(018) GRAN AMERICAS USME,(10002) HH710,(10002) HH710,4168,4194,4106,3118,2096,3915,3885,3918,4009,3744,2813,1934,1984,4230,4222,4185,4128,3292,2059,4115,3819,4096,4031,4098,3142,2064,4344,4026,4082,3935,4197,111949
,(018) GRAN AMERICAS USME,(10005) HG712,(10005) HG712,6515,6180,7143,6323,5962,6336,5866,5852,5473,5855,5530,5296,4668,6189,6382,5845,6171,6390,5928,6055,6327,6248,5943,6161,6226,5725,6003,6036,5603,5987,6579,186797
,(018) GRAN AMERICAS USME,(10007) HH711,(10007) HH711,120,178,123,100,73,89,88,110,80,95,94,56,50,99,113,109,85,116,78,111,121,99,114,100,110,63,110,95,127,157,141,3204
,(018) GRAN AMERICAS USME,(10092) HC705,(10092) HC705,8784,8167,8080,7002,5118,8605,8929,8258,8365,8606,5681,3939,3399,8420,8860,8657,9190,6736,4569,8331,8773,8385,8681,8639,6672,4766,8538,8436,8220,9662,9408,237876
,(018) GRAN AMERICAS USME,(10102) HK700,(10102) HK700,5191,5722,5521,3958,2953,4683,4836,4565,4625,4821,3462,2419,2567,5089,5420,5201,5324,4111,2560,5064,5456,4930,5252,5355,3753,2743,4793,5328,5225,5410,5923,142260
,(018) GRAN AMERICAS USME,(10104) HK707,(10104) HK707,8634,7869,7870,6643,4101,7240,7466,7189,7155,7196,5775,3369,3551,7669,7824,8268,8136,6315,4284,7904,7903,8027,8163,7784,6817,4190,7522,7899,8037,8255,8240,217295
,(018) GRAN AMERICAS USME,(10105) HA706,(10105) HA706,6860,7045,7011,5917,4763,6956,6771,6528,5965,6386,6027,4179,3556,7307,7131,6622,6938,6722,4508,7224,7379,6813,7078,7442,6731,4913,7256,7157,7226,7906,7876,202193
,(018) GRAN AMERICAS USME,(10106) HA704,(10106) HA704,5821,6613,5981,4447,2955,5463,5442,5248,5595,5525,4267,2493,2329,6376,6071,6134,6493,4811,2628,6161,6212,5897,5402,6346,4881,2820,6096,5874,5997,6726,6913,164017
,(018) GRAN AMERICAS USME,(10116) HA702,(10116) HA702,8019,7398,8523,5689,5394,7855,7220,7387,7742,7140,5536,4841,3938,7465,7694,8097,7804,6416,5191,7667,7838,7660,7406,8021,5611,5552,7271,7614,7632,7446,7748,216815
,(018) GRAN AMERICAS USME,(10127) HA708,(10127) HA708,12269,12451,11922,8074,6188,11067,10955,11146,10550,10096,6174,4991,4700,12405,11936,12485,12197,8013,5807,12373,11759,12021,11433,12261,8054,5880,12124,12017,11959,11273,12487,317067
,(018) GRAN AMERICAS USME,(10604) HK715,(10604) HK715,5663,6207,6011,4988,3152,5441,5473,5587,5662,5996,4491,3237,2951,5224,5687,6425,6064,4653,3408,6105,5732,5930,5292,5885,4784,3321,5609,5802,5874,5900,6290,162844
,(019) EMASIVO 10,(10082) CA129,(10082) CA129,12805,12848,12959,8778,4878,12616,12958,11478,12598,13702,8038,5310,4423,13423,13140,12638,13768,9047,4834,13024,13280,13099,13044,12245,8369,4997,11984,12794,12611,13493,13115,342296
,(019) EMASIVO 10,(10083) CA124,(10083) CA124,10805,10687,9427,6527,3105,10339,9868,9837,9378,9126,5454,2765,2325,11447,10495,10756,10843,6320,3037,10863,10721,10334,10333,10685,6436,3183,10176,11533,10954,10198,10700,268657
,(019) EMASIVO 10,(10090) CA127,(10090) CA127,8847,9504,9321,6144,2853,8906,9168,8109,8684,9572,5764,3462,3017,9453,9238,8910,9909,5890,2823,8827,8908,9235,9295,9349,5985,3076,9609,8928,9617,9674,9895,241972
,(019) EMASIVO 10,(10093) CG147,(10093) CG147,15686,15250,14688,11711,9322,14785,15428,14969,15135,14883,11320,9057,9039,14711,15292,14564,15144,12305,8980,15487,16092,16003,15901,15635,11690,9001,15133,14935,15865,16691,16032,430734
,(019) EMASIVO 10,(10098) DG208,(10098) DG208,8221,8140,7685,6119,3872,7837,7596,7811,7529,7659,4991,2634,2396,8616,8357,8018,8615,6086,3328,8134,8529,7971,8240,8563,5926,3414,8165,8495,8537,9278,8728,219490
,(019) EMASIVO 10,(10145) CH131,(10145) CH131,14526,14439,14187,10193,8127,12459,13162,12340,13013,12508,8612,7008,5797,14028,13500,13721,15089,10667,7137,14316,14871,13699,14500,13644,9019,7301,14149,14324,14856,15163,14854,381209
,(020) EMASIVO 16,(10080) CA153,(10080) CA153,9179,9056,9106,6198,3856,7484,7971,8415,8017,8514,5720,4266,3398,8649,9087,8514,9463,5530,3638,8744,8868,9051,8496,7566,5970,3771,7752,8611,8748,9524,9504,232666
,(020) EMASIVO 16,(10096) CA151,(10096) CA151,10760,11050,11040,5732,2463,10117,9610,10247,9909,9551,4609,2066,1845,10513,10701,10535,10256,6008,2340,9950,10448,10254,10438,10720,5909,2318,9884,10699,10401,10451,10443,261267
,(020) EMASIVO 16,(10097) CB145,(10097) CB145,8111,7810,7888,4866,2806,6530,6969,7054,6873,6756,4083,2429,2681,8110,7906,8148,7561,5058,2915,8048,7663,7915,7669,8439,5090,2933,7984,8430,8188,8048,8282,203243
,(020) EMASIVO 16,(10099) CA134,(10099) CA134,12751,12148,12541,8508,5043,11827,12015,11808,12173,11768,7712,4322,4314,12632,12733,12471,12490,8557,4709,12044,12589,12343,12226,12875,8417,4802,12465,12885,12107,12787,12692,328754
,(020) EMASIVO 16,(10101) CL149,(10101) CL149,11531,11429,11490,8064,5355,10542,11381,10512,10908,11214,7105,5287,4285,10783,11233,11853,12258,7867,5051,11034,11280,10593,10525,11393,7806,5406,10725,11035,11062,12046,12040,303093
,(020) EMASIVO 16,(10109) CB138,(10109) CB138,9276,9563,9454,6788,4153,8433,8526,8598,8347,8212,5516,3433,3485,9187,9530,9443,10075,6854,4061,8985,9266,9343,9292,10038,6844,4066,9131,9719,9464,9932,10133,249147
,(020) EMASIVO 16,(10111) CB144,(10111) CB144,10602,10843,10123,5980,3247,8903,9184,8952,9147,8897,5201,2955,2788,10335,10103,10470,10308,6239,3321,10115,10325,10493,10051,10587,6291,3122,10463,10902,10075,10916,10376,261314
,(020) EMASIVO 16,(10115) CG137,(10115) CG137,11842,12231,11832,9485,6520,11652,12025,11356,11804,11559,8040,5535,4328,12120,11867,12324,12865,9085,5690,12278,12071,11879,12390,12083,9748,5835,12222,12467,12005,13318,13389,331845
,(020) EMASIVO 16,(10125) CF154,(10125) CF154,6832,6954,6726,4964,3496,6685,7200,6841,6833,6652,4563,3108,2819,6724,6859,6150,6528,5039,3168,6780,6798,6834,7110,5787,5093,3463,6690,7052,6353,7421,7266,184788
,(130) MUEVE USME SAS,(10091) HL723,(10091) HL723,5240,5044,4941,3459,11,4081,4594,4309,4321,4105,2715,0,11,4470,4557,5558,5089,3489,14,4471,4935,4898,4966,5060,3109,14,4728,4740,5254,5398,5073,118654
,(130) MUEVE USME SAS,(10094) HH719,(10094) HH719,34,31,60,0,0,45,59,62,46,48,0,0,0,57,55,58,52,0,0,57,54,56,54,47,0,0,48,41,49,44,56,1113
,(130) MUEVE USME SAS,(10100) HA720,(10100) HA720,10305,10016,10285,7243,4387,9683,10029,9545,9338,9522,6463,3598,3498,10330,10540,10373,10263,7576,4528,9739,10501,9514,9326,9979,7176,4505,9504,10360,9898,10474,10319,268817
,(130) MUEVE USME SAS,(10112) HF718,(10112) HF718,9028,9521,9883,7585,5871,7666,8326,7652,7814,8926,6641,4771,4647,9041,9397,9716,9782,7623,5635,8782,9358,9210,9117,9100,7395,5149,9224,9478,9689,9863,9537,255427
,(130) MUEVE USME SAS,(10118) HK724,(10118) HK724,9501,9318,9359,7631,3982,8416,8438,8263,8584,8340,6858,3222,3234,9657,8810,9320,8832,7307,4159,8782,8929,9295,9113,9443,7217,4159,8682,8912,9526,9083,9427,245799
,(130) MUEVE USME SAS,(10119) HK721,(10119) HK721,8108,7571,7546,6539,4608,7723,7120,7107,6883,8311,6533,3596,3394,8157,8337,8393,8130,6892,4221,8000,8091,8194,7942,8300,6466,4306,7913,7697,7690,8526,8592,220886
,(130) MUEVE USME SAS,(10120) HA725,(10120) HA725,7204,7607,7464,5791,4588,6682,6500,6647,6237,6820,5695,4134,3674,7368,7479,7906,7799,6171,4727,7339,7779,7940,7144,7932,6251,4757,7467,7348,7851,7916,7690,207907
,(130) MUEVE USME SAS,(10131) HH726,(10131) HH726,6813,6515,6782,4589,3330,6181,6082,6255,6084,7439,4528,2875,2793,6675,6783,6428,7079,5131,3451,6815,6407,6444,6585,6751,5246,3431,6180,6695,6741,7018,6269,180395
,(130) MUEVE USME SAS,(10146) HD717,(10146) HD717,9357,9341,9295,5832,5419,8087,8113,7322,7909,8110,4936,4291,4199,8044,8809,8660,8743,5566,5000,8701,8868,8705,8736,8846,5464,5033,8564,8800,9292,9506,9691,237239
,(130) MUEVE USME SAS,(10645) BD995,(10645) BD995,1366,1382,1414,0,0,1195,1370,1291,1203,959,0,0,0,1552,1252,1360,1292,0,0,1247,1432,1395,1378,1294,0,0,1242,1223,1526,900,1004,28277
,(131) ZMO FONTIBON III SAS,(10033) KL328,(10033) KL328,5447,5615,5324,3625,2221,4628,5018,5103,4675,4839,3359,1563,975,5006,5365,5578,5481,3266,1993,4777,5442,5528,5316,5459,3484,2048,5580,5672,5551,5925,5692,139555
,(131) ZMO FONTIBON III SAS,(10036) KL312,(10036) KL312,8765,8533,9026,6473,5247,8009,8477,8036,8184,7810,5869,4130,3983,8750,8633,8228,8986,6426,4515,8396,8926,9146,8753,8774,6718,4883,8758,8610,8905,9476,8774,238199
,(131) ZMO FONTIBON III SAS,(10037) KH317,(10037) KH317,5663,5614,5760,3080,2213,5475,6385,5527,5559,5340,2893,1937,2120,5947,5792,5453,6248,2923,2042,5740,5821,5660,5849,5999,3133,2090,5768,5872,5585,6937,6158,150583
,(131) ZMO FONTIBON III SAS,(10038) KH308,(10038) KH308,8619,7936,8679,7505,4959,7668,7857,7768,7590,7757,6677,4442,4575,7837,8397,8413,8404,7473,4944,7604,8109,8114,8513,8800,7514,5146,8384,8026,8428,9429,9571,235138
,(131) ZMO FONTIBON III SAS,(10039) KB326,(10039) KB326,4361,4555,4547,1951,1048,4238,4454,3966,3732,3872,1465,751,647,4667,4860,4372,4606,1933,979,4350,4507,4388,4734,4556,1803,941,4762,4815,4675,5285,4634,110454
,(131) ZMO FONTIBON III SAS,(10040) KA324,(10040) KA324,5861,6247,6791,4403,1954,6060,6265,6100,6290,5959,3610,1382,1066,5672,6186,5441,6395,3809,2122,5696,6101,6314,5853,6265,3852,2272,6375,5990,6618,7384,6239,160572
,(131) ZMO FONTIBON III SAS,(10041) KL329,(10041) KL329,4762,5011,5022,3548,2282,4452,5141,4697,4865,4617,3518,2134,1941,4951,5054,4559,5121,3519,2278,4622,4728,5174,5312,5024,4239,2546,4613,5032,5004,6302,6322,136390
,(131) ZMO FONTIBON III SAS,(10162) KA332,(10162) KA332,101,98,96,0,0,97,90,97,133,92,0,0,0,120,118,87,132,0,0,139,90,95,115,124,0,0,92,117,90,148,223,2494
,(131) ZMO FONTIBON III SAS,(10167) KG311,(10167) KG311,0,0,0,0,0,0,0,0,0,0,0,0,0,0,0,117,0,0,0,0,0,0,0,0,0,0,0,0,0,0,0,117
,(131) ZMO FONTIBON III SAS,(10580) AA003,(10580) AA003,1201,1140,1074,0,0,1078,1016,1043,1068,827,0,0,0,1231,1256,1186,1081,0,0,1130,1090,1161,1109,1009,0,0,1127,1110,1095,934,990,23956
,(132) MUEVE FONTIBON SAS,(10084) KC315,(10084) KC315,9855,9528,10246,7758,6660,8722,9078,8253,8342,8657,7064,6060,5824,9699,10129,8673,10343,7471,6866,10175,10304,9913,9978,9501,7474,6870,9731,9628,10522,10281,10319,273924
,(132) MUEVE FONTIBON SAS,(10085) KH322,(10085) KH322,6497,7072,6345,5020,2905,5592,5670,5291,5291,5166,3957,2363,2251,5519,6078,5984,6653,4863,2715,6530,6712,6463,6413,6269,4990,2804,5899,6128,6627,6817,6901,167785
,(132) MUEVE FONTIBON SAS,(10086) KC321,(10086) KC321,9657,9701,9230,6663,4075,8791,9214,8670,8878,8026,5953,3527,3505,9202,9086,8940,9472,6313,3671,8743,8666,9084,9718,9909,6438,3681,8825,9160,8943,10069,9859,245669
,(132) MUEVE FONTIBON SAS,(10087) KC323,(10087) KC323,10908,10775,11091,8110,5384,9726,9837,9483,10138,10250,7225,4860,4898,11176,10801,11201,11188,7726,5346,11192,10569,10891,11016,11300,7773,5342,10768,11329,11008,11045,11605,293961
,(132) MUEVE FONTIBON SAS,(10088) KA319,(10088) KA319,8940,8788,9121,5126,2447,8444,7414,8171,7574,7639,4202,2068,1838,8157,8890,8225,8286,4689,2462,8662,8829,8830,9128,8411,4714,2490,8254,8848,8355,9144,8802,216948
,(132) MUEVE FONTIBON SAS,(10089) KA306,(10089) KA306,8404,8010,7881,4666,2947,8188,8229,7979,7937,8071,4026,2566,2334,8514,8377,8243,8708,5037,2947,7979,8377,8404,8311,8370,5041,2885,7815,8301,7925,8789,8293,213554
,(132) MUEVE FONTIBON SAS,(10645) BD995,(10645) BD995,1568,1450,1200,0,0,1089,1097,1280,1174,1158,0,0,0,1287,1583,1435,1250,0,0,1393,1642,1303,1469,1298,0,0,1490,1394,1426,1185,1170,29341
,(132) MUEVE FONTIBON SAS,(10675) Unicentro,(10675) Unicentro,0,0,0,0,0,0,82,0,0,0,0,0,0,0,0,0,0,0,0,0,0,0,0,0,0,0,0,0,0,0,0,82
,(132) MUEVE FONTIBON SAS,(10676) Septimazo,(10676) Septimazo,0,0,0,0,0,0,11,0,0,0,0,0,0,0,0,0,0,0,0,0,0,0,0,0,0,0,0,0,0,0,0,11
,(132) MUEVE FONTIBON SAS,(10677) 1 de mayo,(10677) 1 de mayo,0,0,0,0,0,0,58,0,0,0,0,0,0,0,0,0,0,0,0,0,0,0,0,0,0,0,0,0,0,0,0,58
,(133) ZMO FONTIBON V SAS,(10037) KH317,(10037) KH317,0,0,0,0,0,0,0,0,0,0,0,0,0,0,0,0,0,0,0,0,0,0,0,0,0,0,0,72,0,0,0,72
,(133) ZMO FONTIBON V SAS,(10038) KH308,(10038) KH308,0,0,0,0,0,0,0,27,0,0,0,0,0,0,0,0,0,0,0,0,0,0,0,0,0,0,0,0,0,0,0,27
,(133) ZMO FONTIBON V SAS,(10162) KA332,(10162) KA332,9545,9654,9240,5119,3167,7326,7675,7572,8033,8131,4953,3330,3006,9489,9634,10092,9752,5379,2894,9423,8735,8590,8839,9279,5485,3479,9035,9216,9314,8433,9560,233379
,(133) ZMO FONTIBON V SAS,(10164) KL331,(10164) KL331,8204,8614,8568,7128,5175,6968,7043,7119,7141,7038,5810,4550,3757,8060,7888,8083,8490,6393,4734,7876,8484,7868,8368,8298,6572,5059,7483,7720,8097,8147,8830,223565
,(133) ZMO FONTIBON V SAS,(10165) KH327,(10165) KH327,6048,5881,6191,4267,3365,5791,5865,6038,5948,5791,3726,2876,2732,6237,5988,5977,6186,3786,3091,6051,5943,6033,5947,6023,4039,3249,5810,5834,5962,5522,6533,162730
,(133) ZMO FONTIBON V SAS,(10167) KG311,(10167) KG311,5831,6128,6403,4360,3867,5558,5876,5674,5506,5647,3839,3204,3170,6281,6160,6219,6370,4529,3327,6121,6073,6303,6124,6039,4152,3695,5903,6131,5460,6192,6687,166829
,(133) ZMO FONTIBON V SAS,(10169) KL325,(10169) KL325,7929,7745,7879,5175,3836,7046,7364,6798,6235,6886,4780,3632,3087,7001,7684,7590,8334,4928,3261,7320,7378,7105,7303,7823,5100,3632,6920,7383,7424,7487,7749,199814
,(133) ZMO FONTIBON V SAS,(10170) KH318,(10170) KH318,11538,11570,10812,10052,7356,10524,10879,10875,11001,9845,8732,6319,5908,10922,11391,10568,11905,9777,7094,10916,11001,11139,10883,11543,9253,7019,10863,10994,11766,11452,12437,316334
,(133) ZMO FONTIBON V SAS,(10171) KB314,(10171) KB314,11130,11593,11662,8385,4,10227,10293,9826,10022,9542,6894,0,2,10486,11008,9742,10944,7895,68,10991,11040,10417,11602,11027,8023,6,10913,11305,10815,11319,11332,268513
,(134) OPERADORA DISTRITAL DE TRANSPORTE,(10081) HA601,(10081) HA601,5295,5372,5088,3364,1477,5092,4109,4629,4287,4272,2927,1179,1116,5067,5300,5136,5273,3471,1384,5331,5328,5173,5611,4815,3511,1487,5447,5553,5034,5507,5204,131839
,(134) OPERADORA DISTRITAL DE TRANSPORTE,(10113) HL613,(10113) HL613,5545,5712,5610,4277,3343,4811,4701,4632,4881,4668,3979,2622,2540,5387,5605,5677,5792,4043,3142,5175,5401,5554,5485,5427,4048,3135,5198,5701,5395,5368,5477,148331
,(134) OPERADORA DISTRITAL DE TRANSPORTE,(10123) T04,(10123) T04,4881,5025,5237,3770,2219,4771,4705,4690,4576,4729,3640,1987,2056,4924,4929,4852,4994,3781,2103,4676,4991,4938,4927,4797,3595,2173,4759,4872,4940,3878,4680,131095
,(134) OPERADORA DISTRITAL DE TRANSPORTE,(10128) HA617,(10128) HA617,7479,7796,7827,5235,3022,7075,6717,6662,6885,6791,4457,2506,2348,7827,7224,7802,7902,5333,2772,7459,7876,7573,7646,7876,5386,3020,7415,7794,7683,7785,7609,198782
,(134) OPERADORA DISTRITAL DE TRANSPORTE,(10129) HK629,(10129) HK629,4550,4604,4556,3043,2041,3891,4198,3958,3955,4079,2477,1639,1769,4572,4871,4546,4459,2837,1860,4271,4492,4299,4228,4566,2794,2124,4295,4217,4087,4384,4544,116206
,(134) OPERADORA DISTRITAL DE TRANSPORTE,(10130) HL636,(10130) HL636,4616,4348,4756,3185,2202,4064,3940,4219,4422,4039,2506,1191,859,4699,4866,4967,4514,3477,2042,4680,4927,4755,4967,4896,3316,2130,4518,4401,4727,4807,5063,122099
,(134) OPERADORA DISTRITAL DE TRANSPORTE,(10133) HA618,(10133) HA618,8304,8390,8423,5670,3315,6974,6960,6779,6592,6775,4972,2881,2707,7678,7985,7968,7417,5373,3393,7702,7839,7568,7341,7532,5285,3417,7747,8042,7816,8249,7954,205048
,(134) OPERADORA DISTRITAL DE TRANSPORTE,(10143) HK635,(10143) HK635,4732,4701,4415,3342,2026,4255,4305,4265,4093,3943,2887,1691,1609,4447,4445,4106,4508,3259,1901,4592,4671,4592,4514,4539,3112,2082,4245,4678,4531,4075,4550,119111
,(134) OPERADORA DISTRITAL DE TRANSPORTE,(10144) HD630,(10144) HD630,7384,7378,7095,4688,3076,6382,6353,6199,5939,6193,4134,2733,2611,7273,7048,7361,7099,4396,3045,7335,7320,7280,7061,7309,4043,3132,7275,7028,7368,7062,7594,186194
,(134) OPERADORA DISTRITAL DE TRANSPORTE,(10147) HH632,(10147) HH632,4397,4290,4264,2332,1155,4122,3759,3648,3454,3910,2109,1197,1118,4116,4193,4024,4214,2454,1057,3998,4021,4508,4503,4372,2554,1108,4327,4178,4334,3920,4461,106097
,(134) OPERADORA DISTRITAL DE TRANSPORTE,(10675) Unicentro,(10675) Unicentro,0,0,0,0,0,0,205,0,0,0,0,0,0,0,0,0,0,0,0,0,0,0,0,0,0,0,0,0,0,0,0,205
,(134) OPERADORA DISTRITAL DE TRANSPORTE,(10676) Septimazo,(10676) Septimazo,0,0,0,0,0,0,107,0,0,0,0,0,0,0,0,0,0,0,0,0,0,0,0,0,0,0,0,0,0,0,0,107
,(134) OPERADORA DISTRITAL DE TRANSPORTE,(10677) 1 de mayo,(10677) 1 de mayo,0,0,0,0,0,0,73,0,0,0,0,0,0,0,0,0,0,0,0,0,0,0,0,0,0,0,0,0,0,0,0,73
,,,,,,,,,,,,,,,,,,,,,,,,,,,,,,,,,,,0
,,,,,,,,,,,,,,,,,,,,,,,,,,,,,,,,,,,0
,,,,,,,,,,,,,,,,,,,,,,,,,,,,,,,,,,,0
,,,,,,,,,,,,,,,,,,,,,,,,,,,,,,,,,,,0
,,,,,,,,,,,,,,,,,,,,,,,,,,,,,,,,,,,0
,,,,,,,,,,,,,,,,,,,,,,,,,,,,,,,,,,,0
,,,,,,,,,,,,,,,,,,,,,,,,,,,,,,,,,,,0
,,,,,,,,,,,,,,,,,,,,,,,,,,,,,,,,,,,0
,,,,,,,,,,,,,,,,,,,,,,,,,,,,,,,,,,,0
,,,,,,,,,,,,,,,,,,,,,,,,,,,,,,,,,,,0
,,,,,,,,,,,,,,,,,,,,,,,,,,,,,,,,,,,0
,,,,,,,,,,,,,,,,,,,,,,,,,,,,,,,,,,,0
,,,,,,,,,,,,,,,,,,,,,,,,,,,,,,,,,,,0
,,,,,,,,,,,,,,,,,,,,,,,,,,,,,,,,,,,0
,,,,,,,,,,,,,,,,,,,,,,,,,,,,,,,,,,,0
,,,,,,,,,,,,,,,,,,,,,,,,,,,,,,,,,,,0
,,,,,,,,,,,,,,,,,,,,,,,,,,,,,,,,,,,0
,,,,,,,,,,,,,,,,,,,,,,,,,,,,,,,,,,,0
,,,,,,,,,,,,,,,,,,,,,,,,,,,,,,,,,,,0
,,,,,,,,,,,,,,,,,,,,,,,,,,,,,,,,,,,0
,,,,,,,,,,,,,,,,,,,,,,,,,,,,,,,,,,,0
,,,,,,,,,,,,,,,,,,,,,,,,,,,,,,,,,,,0
,,,,,,,,,,,,,,,,,,,,,,,,,,,,,,,,,,,0
,,,,,,,,,,,,,,,,,,,,,,,,,,,,,,,,,,,0
,,,,,,,,,,,,,,,,,,,,,,,,,,,,,,,,,,,0
,,,,,,,,,,,,,,,,,,,,,,,,,,,,,,,,,,,0
,,,,,,,,,,,,,,,,,,,,,,,,,,,,,,,,,,,0
,,,,,,,,,,,,,,,,,,,,,,,,,,,,,,,,,,,0
,,,,,,,,,,,,,,,,,,,,,,,,,,,,,,,,,,,0
,,,,,,,,,,,,,,,,,,,,,,,,,,,,,,,,,,,0
,,,,,,,,,,,,,,,,,,,,,,,,,,,,,,,,,,,0
,,,,,,,,,,,,,,,,,,,,,,,,,,,,,,,,,,,0
,,,,,,,,,,,,,,,,,,,,,,,,,,,,,,,,,,,0
,,,,,,,,,,,,,,,,,,,,,,,,,,,,,,,,,,,0
,,,,,,,,,,,,,,,,,,,,,,,,,,,,,,,,,,,0
,,,,,,,,,,,,,,,,,,,,,,,,,,,,,,,,,,,0
,,,,,,,,,,,,,,,,,,,,,,,,,,,,,,,,,,,0
,,,,,,,,,,,,,,,,,,,,,,,,,,,,,,,,,,,0
,,,,,,,,,,,,,,,,,,,,,,,,,,,,,,,,,,,0
,,,,,,,,,,,,,,,,,,,,,,,,,,,,,,,,,,,0
,,,,,,,,,,,,,,,,,,,,,,,,,,,,,,,,,,,0
,,,,,,,,,,,,,,,,,,,,,,,,,,,,,,,,,,,0
,,,,,,,,,,,,,,,,,,,,,,,,,,,,,,,,,,,0
,,,,,,,,,,,,,,,,,,,,,,,,,,,,,,,,,,,0
,,,,,,,,,,,,,,,,,,,,,,,,,,,,,,,,,,,0
,,,,,,,,,,,,,,,,,,,,,,,,,,,,,,,,,,,0
,,,,,,,,,,,,,,,,,,,,,,,,,,,,,,,,,,,0
,,,,,,,,,,,,,,,,,,,,,,,,,,,,,,,,,,,0
,,,,,,,,,,,,,,,,,,,,,,,,,,,,,,,,,,,0
,,,,,,,,,,,,,,,,,,,,,,,,,,,,,,,,,,,0
,,,,,,,,,,,,,,,,,,,,,,,,,,,,,,,,,,,0
,c ,0,Total general,2010259,2002343,1988752,1385801,807539,1841716,1887272,1851763,1835125,1825688,1222996,713992,662048,1988219,2001431,1988633,2020075,1380450,787691,1947117,1996669,1987074,1973399,1979021,1376810,804664,1941591,1994935,1985152,2051802,2036211,52276238
